 332.002	 16160
 332.005	 16160
 332.007	 16160
 332.009	 16160
 332.012	 16150
 332.014	 16150
 332.016	 16150
 332.019	 16160
 332.021	 16150
 332.023	 16150
 332.026	 16150
 332.028	 16150
 332.030	 16150
 332.033	 16160
 332.035	 16150
 332.038	 16150
 332.040	 16150
 332.042	 16150
 332.045	 16150
 332.047	 16150
 332.049	 16135
 332.052	 16120
 332.054	 16120
 332.056	 16135
 332.059	 16135
 332.061	 16120
 332.063	 16120
 332.066	 16120
 332.068	 16120
 332.070	 16120
 332.073	 16120
 332.075	 16110
 332.077	 16120
 332.080	 16135
 332.082	 16135
 332.084	 16135
 332.087	 16135
 332.089	 16135
 332.091	 16150
 332.094	 16150
 332.096	 16150
 332.098	 16135
 332.101	 16135
 332.103	 16135
 332.105	 16135
 332.108	 16135
 332.110	 16135
 332.113	 16135
 332.115	 16120
 332.117	 16135
 332.120	 16120
 332.122	 16135
 332.124	 16135
 332.127	 16120
 332.129	 16110
 332.131	 16110
 332.134	 16110
 332.136	 16120
 332.138	 16120
 332.141	 16135
 332.143	 16120
 332.145	 16135
 332.148	 16135
 332.150	 16120
 332.152	 16120
 332.155	 16120
 332.157	 16120
 332.159	 16135
 332.162	 16120
 332.164	 16135
 332.166	 16135
 332.169	 16135
 332.171	 16110
 332.173	 16120
 332.176	 16135
 332.178	 16135
 332.181	 16120
 332.183	 16120
 332.185	 16120
 332.188	 16120
 332.190	 16095
 332.192	 16095
 332.195	 16095
 332.197	 16095
 332.199	 16110
 332.202	 16120
 332.204	 16120
 332.206	 16120
 332.209	 16120
 332.211	 16120
 332.213	 16110
 332.216	 16120
 332.218	 16120
 332.220	 16120
 332.223	 16120
 332.225	 16120
 332.227	 16120
 332.230	 16120
 332.232	 16120
 332.234	 16120
 332.237	 16120
 332.239	 16120
 332.241	 16120
 332.244	 16120
 332.246	 16120
 332.249	 16120
 332.251	 16120
 332.253	 16120
 332.256	 16120
 332.258	 16110
 332.260	 16120
 332.263	 16120
 332.265	 16120
 332.267	 16120
 332.270	 16120
 332.272	 16120
 332.274	 16110
 332.277	 16120
 332.279	 16120
 332.281	 16120
 332.284	 16120
 332.286	 16120
 332.288	 16150
 332.291	 16150
 332.293	 16150
 332.295	 16150
 332.298	 16135
 332.300	 16135
 332.302	 16150
 332.305	 16150
 332.307	 16120
 332.309	 16150
 332.312	 16150
 332.314	 16135
 332.316	 16120
 332.319	 16120
 332.321	 16120
 332.324	 16135
 332.326	 16160
 332.328	 16160
 332.331	 16160
 332.333	 16160
 332.335	 16160
 332.338	 16150
 332.340	 16150
 332.342	 16150
 332.345	 16150
 332.347	 16150
 332.349	 16150
 332.352	 16120
 332.354	 16120
 332.356	 16135
 332.359	 16135
 332.361	 16135
 332.363	 16135
 332.366	 16150
 332.368	 16160
 332.370	 16150
 332.373	 16160
 332.375	 16150
 332.377	 16150
 332.380	 16160
 332.382	 16150
 332.384	 16150
 332.387	 16150
 332.389	 16150
 332.392	 16135
 332.394	 16135
 332.396	 16135
 332.399	 16135
 332.401	 16150
 332.403	 16135
 332.406	 16135
 332.408	 16135
 332.410	 16150
 332.413	 16160
 332.415	 16160
 332.417	 16160
 332.420	 16160
 332.422	 16175
 332.424	 16150
 332.427	 16160
 332.429	 16150
 332.431	 16160
 332.434	 16175
 332.436	 16160
 332.438	 16160
 332.441	 16160
 332.443	 16160
 332.445	 16160
 332.448	 16160
 332.450	 16150
 332.452	 16150
 332.455	 16150
 332.457	 16150
 332.459	 16150
 332.462	 16150
 332.464	 16150
 332.467	 16150
 332.469	 16150
 332.471	 16150
 332.474	 16150
 332.476	 16150
 332.478	 16150
 332.481	 16135
 332.483	 16135
 332.485	 16150
 332.488	 16150
 332.490	 16135
 332.492	 16135
 332.495	 16135
 332.497	 16120
 332.499	 16120
 332.502	 16135
 332.504	 16135
 332.506	 16160
 332.509	 16150
 332.511	 16150
 332.513	 16150
 332.516	 16135
 332.518	 16135
 332.520	 16160
 332.523	 16150
 332.525	 16150
 332.527	 16135
 332.530	 16120
 332.532	 16135
 332.535	 16135
 332.537	 16135
 332.539	 16135
 332.542	 16150
 332.544	 16135
 332.546	 16150
 332.549	 16135
 332.551	 16150
 332.553	 16120
 332.556	 16135
 332.558	 16150
 332.560	 16120
 332.563	 16150
 332.565	 16150
 332.567	 16150
 332.570	 16160
 332.572	 16160
 332.574	 16150
 332.577	 16160
 332.579	 16175
 332.581	 16175
 332.584	 16160
 332.586	 16175
 332.588	 16190
 332.591	 16190
 332.593	 16190
 332.595	 16200
 332.598	 16190
 332.600	 16190
 332.602	 16190
 332.605	 16200
 332.607	 16190
 332.610	 16190
 332.612	 16200
 332.614	 16200
 332.617	 16190
 332.619	 16200
 332.621	 16190
 332.624	 16190
 332.626	 16190
 332.628	 16190
 332.631	 16200
 332.633	 16200
 332.635	 16190
 332.638	 16190
 332.640	 16175
 332.642	 16190
 332.645	 16190
 332.647	 16190
 332.649	 16190
 332.652	 16175
 332.654	 16175
 332.656	 16175
 332.659	 16175
 332.661	 16175
 332.663	 16175
 332.666	 16175
 332.668	 16175
 332.670	 16175
 332.673	 16175
 332.675	 16160
 332.678	 16175
 332.680	 16175
 332.682	 16175
 332.685	 16175
 332.687	 16175
 332.689	 16190
 332.692	 16190
 332.694	 16190
 332.696	 16200
 332.699	 16190
 332.701	 16190
 332.703	 16190
 332.706	 16190
 332.708	 16190
 332.710	 16190
 332.713	 16190
 332.715	 16190
 332.717	 16190
 332.720	 16190
 332.722	 16175
 332.724	 16175
 332.727	 16175
 332.729	 16175
 332.731	 16190
 332.734	 16190
 332.736	 16200
 332.738	 16200
 332.741	 16200
 332.743	 16200
 332.745	 16190
 332.748	 16190
 332.750	 16215
 332.753	 16200
 332.755	 16200
 332.757	 16200
 332.760	 16200
 332.762	 16190
 332.764	 16200
 332.767	 16215
 332.769	 16200
 332.771	 16190
 332.774	 16175
 332.776	 16200
 332.778	 16190
 332.781	 16190
 332.783	 16190
 332.785	 16200
 332.788	 16190
 332.790	 16200
 332.792	 16200
 332.795	 16200
 332.797	 16200
 332.799	 16200
 332.802	 16200
 332.804	 16190
 332.806	 16215
 332.809	 16215
 332.811	 16215
 332.813	 16215
 332.816	 16215
 332.818	 16190
 332.821	 16190
 332.823	 16190
 332.825	 16190
 332.828	 16190
 332.830	 16200
 332.832	 16190
 332.835	 16190
 332.837	 16190
 332.839	 16190
 332.842	 16200
 332.844	 16200
 332.846	 16200
 332.849	 16190
 332.851	 16190
 332.853	 16200
 332.856	 16200
 332.858	 16200
 332.860	 16190
 332.863	 16190
 332.865	 16200
 332.867	 16190
 332.870	 16175
 332.872	 16190
 332.874	 16175
 332.877	 16175
 332.879	 16175
 332.881	 16175
 332.884	 16175
 332.886	 16160
 332.889	 16190
 332.891	 16190
 332.893	 16190
 332.896	 16190
 332.898	 16190
 332.900	 16190
 332.903	 16190
 332.905	 16200
 332.907	 16190
 332.910	 16190
 332.912	 16190
 332.914	 16190
 332.917	 16190
 332.919	 16190
 332.921	 16200
 332.924	 16200
 332.926	 16200
 332.928	 16200
 332.931	 16200
 332.933	 16200
 332.935	 16190
 332.938	 16190
 332.940	 16190
 332.942	 16200
 332.945	 16200
 332.947	 16200
 332.949	 16190
 332.952	 16200
 332.954	 16200
 332.956	 16200
 332.959	 16215
 332.961	 16215
 332.964	 16200
 332.966	 16215
 332.968	 16200
 332.971	 16200
 332.973	 16200
 332.975	 16200
 332.978	 16200
 332.980	 16190
 332.982	 16200
 332.985	 16190
 332.987	 16190
 332.989	 16200
 332.992	 16200
 332.994	 16215
 332.996	 16215
 332.999	 16215
 333.001	 16215
 333.003	 16215
 333.006	 16215
 333.008	 16230
 333.010	 16230
 333.013	 16230
 333.015	 16215
 333.017	 16200
 333.020	 16215
 333.022	 16215
 333.024	 16215
 333.027	 16215
 333.029	 16215
 333.032	 16215
 333.034	 16215
 333.036	 16200
 333.039	 16215
 333.041	 16215
 333.043	 16215
 333.046	 16200
 333.048	 16215
 333.050	 16200
 333.053	 16215
 333.055	 16200
 333.057	 16200
 333.060	 16215
 333.062	 16215
 333.064	 16215
 333.067	 16215
 333.069	 16215
 333.071	 16215
 333.074	 16215
 333.076	 16200
 333.078	 16200
 333.081	 16200
 333.083	 16200
 333.085	 16215
 333.088	 16200
 333.090	 16200
 333.092	 16200
 333.095	 16190
 333.097	 16200
 333.099	 16200
 333.102	 16190
 333.104	 16190
 333.107	 16200
 333.109	 16200
 333.111	 16200
 333.114	 16215
 333.116	 16200
 333.118	 16215
 333.121	 16215
 333.123	 16230
 333.125	 16230
 333.128	 16215
 333.130	 16230
 333.132	 16230
 333.135	 16230
 333.137	 16215
 333.139	 16230
 333.142	 16215
 333.144	 16230
 333.146	 16230
 333.149	 16230
 333.151	 16215
 333.153	 16230
 333.156	 16230
 333.158	 16230
 333.160	 16230
 333.163	 16230
 333.165	 16240
 333.167	 16230
 333.170	 16230
 333.172	 16230
 333.175	 16215
 333.177	 16215
 333.179	 16230
 333.182	 16230
 333.184	 16200
 333.186	 16215
 333.189	 16215
 333.191	 16215
 333.193	 16230
 333.196	 16230
 333.198	 16230
 333.200	 16230
 333.203	 16230
 333.205	 16240
 333.207	 16240
 333.210	 16240
 333.212	 16240
 333.214	 16240
 333.217	 16240
 333.219	 16240
 333.221	 16240
 333.224	 16240
 333.226	 16230
 333.228	 16230
 333.231	 16230
 333.233	 16230
 333.235	 16230
 333.238	 16230
 333.240	 16240
 333.242	 16230
 333.245	 16240
 333.247	 16240
 333.250	 16240
 333.252	 16240
 333.254	 16240
 333.257	 16230
 333.259	 16230
 333.261	 16230
 333.264	 16240
 333.266	 16230
 333.268	 16230
 333.271	 16240
 333.273	 16230
 333.275	 16230
 333.278	 16230
 333.280	 16215
 333.282	 16215
 333.285	 16230
 333.287	 16230
 333.289	 16230
 333.292	 16230
 333.294	 16230
 333.296	 16255
 333.299	 16255
 333.301	 16255
 333.303	 16255
 333.306	 16240
 333.308	 16230
 333.310	 16240
 333.313	 16240
 333.315	 16240
 333.318	 16240
 333.320	 16240
 333.322	 16240
 333.325	 16240
 333.327	 16255
 333.329	 16240
 333.332	 16240
 333.334	 16240
 333.336	 16255
 333.339	 16255
 333.341	 16255
 333.343	 16255
 333.346	 16255
 333.348	 16255
 333.350	 16270
 333.353	 16270
 333.355	 16270
 333.357	 16270
 333.360	 16270
 333.362	 16270
 333.364	 16270
 333.367	 16255
 333.369	 16255
 333.371	 16255
 333.374	 16255
 333.376	 16255
 333.378	 16255
 333.381	 16240
 333.383	 16240
 333.385	 16255
 333.388	 16255
 333.390	 16240
 333.393	 16240
 333.395	 16240
 333.397	 16240
 333.400	 16230
 333.402	 16230
 333.404	 16230
 333.407	 16230
 333.409	 16230
 333.411	 16230
 333.414	 16215
 333.416	 16230
 333.418	 16230
 333.421	 16230
 333.423	 16230
 333.425	 16230
 333.428	 16230
 333.430	 16240
 333.432	 16240
 333.435	 16240
 333.437	 16240
 333.439	 16240
 333.442	 16240
 333.444	 16240
 333.446	 16240
 333.449	 16240
 333.451	 16240
 333.453	 16240
 333.456	 16240
 333.458	 16240
 333.461	 16240
 333.463	 16240
 333.465	 16240
 333.468	 16240
 333.470	 16255
 333.472	 16255
 333.475	 16240
 333.477	 16230
 333.479	 16240
 333.482	 16240
 333.484	 16255
 333.486	 16255
 333.489	 16255
 333.491	 16255
 333.493	 16255
 333.496	 16240
 333.498	 16255
 333.500	 16255
 333.503	 16255
 333.505	 16230
 333.507	 16230
 333.510	 16240
 333.512	 16240
 333.514	 16240
 333.517	 16240
 333.519	 16255
 333.521	 16270
 333.524	 16270
 333.526	 16270
 333.529	 16270
 333.531	 16270
 333.533	 16270
 333.536	 16270
 333.538	 16270
 333.540	 16255
 333.543	 16255
 333.545	 16255
 333.547	 16255
 333.550	 16240
 333.552	 16255
 333.554	 16255
 333.557	 16240
 333.559	 16255
 333.561	 16255
 333.564	 16240
 333.566	 16240
 333.568	 16230
 333.571	 16230
 333.573	 16240
 333.575	 16240
 333.578	 16240
 333.580	 16240
 333.582	 16240
 333.585	 16255
 333.587	 16240
 333.589	 16240
 333.592	 16240
 333.594	 16240
 333.596	 16255
 333.599	 16255
 333.601	 16255
 333.604	 16270
 333.606	 16270
 333.608	 16270
 333.611	 16270
 333.613	 16255
 333.615	 16255
 333.618	 16255
 333.620	 16255
 333.622	 16240
 333.625	 16255
 333.627	 16255
 333.629	 16255
 333.632	 16255
 333.634	 16255
 333.636	 16240
 333.639	 16240
 333.641	 16255
 333.643	 16240
 333.646	 16240
 333.648	 16255
 333.650	 16270
 333.653	 16255
 333.655	 16270
 333.657	 16280
 333.660	 16270
 333.662	 16255
 333.664	 16270
 333.667	 16270
 333.669	 16270
 333.672	 16270
 333.674	 16270
 333.676	 16270
 333.679	 16270
 333.681	 16270
 333.683	 16270
 333.686	 16270
 333.688	 16255
 333.690	 16255
 333.693	 16255
 333.695	 16255
 333.697	 16255
 333.700	 16255
 333.702	 16255
 333.704	 16255
 333.707	 16240
 333.709	 16255
 333.711	 16270
 333.714	 16270
 333.716	 16270
 333.718	 16240
 333.721	 16240
 333.723	 16240
 333.725	 16255
 333.728	 16270
 333.730	 16270
 333.732	 16270
 333.735	 16270
 333.737	 16270
 333.739	 16255
 333.742	 16255
 333.744	 16255
 333.747	 16255
 333.749	 16270
 333.751	 16270
 333.754	 16255
 333.756	 16240
 333.758	 16240
 333.761	 16240
 333.763	 16240
 333.765	 16240
 333.768	 16240
 333.770	 16255
 333.772	 16255
 333.775	 16255
 333.777	 16270
 333.779	 16270
 333.782	 16280
 333.784	 16270
 333.786	 16280
 333.789	 16280
 333.791	 16270
 333.793	 16270
 333.796	 16270
 333.798	 16270
 333.800	 16280
 333.803	 16295
 333.805	 16295
 333.807	 16295
 333.810	 16310
 333.812	 16295
 333.815	 16295
 333.817	 16310
 333.819	 16295
 333.822	 16310
 333.824	 16280
 333.826	 16310
 333.829	 16295
 333.831	 16280
 333.833	 16280
 333.836	 16280
 333.838	 16295
 333.840	 16295
 333.843	 16280
 333.845	 16280
 333.847	 16280
 333.850	 16295
 333.852	 16295
 333.854	 16295
 333.857	 16320
 333.859	 16310
 333.861	 16310
 333.864	 16295
 333.866	 16295
 333.868	 16295
 333.871	 16295
 333.873	 16295
 333.875	 16295
 333.878	 16295
 333.880	 16295
 333.882	 16295
 333.885	 16310
 333.887	 16310
 333.890	 16280
 333.892	 16295
 333.894	 16295
 333.897	 16295
 333.899	 16295
 333.901	 16295
 333.904	 16280
 333.906	 16270
 333.908	 16295
 333.911	 16280
 333.913	 16280
 333.915	 16295
 333.918	 16280
 333.920	 16280
 333.922	 16310
 333.925	 16310
 333.927	 16310
 333.929	 16310
 333.932	 16295
 333.934	 16295
 333.936	 16295
 333.939	 16295
 333.941	 16295
 333.943	 16310
 333.946	 16310
 333.948	 16310
 333.950	 16295
 333.953	 16295
 333.955	 16295
 333.958	 16310
 333.960	 16310
 333.962	 16295
 333.965	 16295
 333.967	 16295
 333.969	 16295
 333.972	 16310
 333.974	 16310
 333.976	 16310
 333.979	 16310
 333.981	 16320
 333.983	 16320
 333.986	 16320
 333.988	 16320
 333.990	 16320
 333.993	 16320
 333.995	 16335
 333.997	 16320
 334.000	 16335
 334.002	 16335
 334.004	 16335
 334.007	 16335
 334.009	 16335
 334.011	 16335
 334.014	 16335
 334.016	 16335
 334.018	 16335
 334.021	 16320
 334.023	 16320
 334.025	 16335
 334.028	 16350
 334.030	 16350
 334.033	 16350
 334.035	 16350
 334.037	 16350
 334.040	 16360
 334.042	 16360
 334.044	 16360
 334.047	 16360
 334.049	 16360
 334.051	 16360
 334.054	 16360
 334.056	 16360
 334.058	 16360
 334.061	 16360
 334.063	 16350
 334.065	 16335
 334.068	 16350
 334.070	 16375
 334.072	 16375
 334.075	 16375
 334.077	 16375
 334.079	 16360
 334.082	 16360
 334.084	 16360
 334.086	 16375
 334.089	 16375
 334.091	 16375
 334.093	 16375
 334.096	 16375
 334.098	 16375
 334.101	 16375
 334.103	 16375
 334.105	 16375
 334.108	 16375
 334.110	 16390
 334.112	 16390
 334.115	 16390
 334.117	 16390
 334.119	 16390
 334.122	 16390
 334.124	 16390
 334.126	 16390
 334.129	 16390
 334.131	 16390
 334.133	 16390
 334.136	 16390
 334.138	 16390
 334.140	 16390
 334.143	 16390
 334.145	 16375
 334.147	 16375
 334.150	 16375
 334.152	 16375
 334.154	 16360
 334.157	 16360
 334.159	 16375
 334.161	 16375
 334.164	 16390
 334.166	 16375
 334.169	 16375
 334.171	 16390
 334.173	 16390
 334.176	 16400
 334.178	 16400
 334.180	 16400
 334.183	 16400
 334.185	 16400
 334.187	 16415
 334.190	 16415
 334.192	 16415
 334.194	 16415
 334.197	 16400
 334.199	 16415
 334.201	 16430
 334.204	 16440
 334.206	 16430
 334.208	 16440
 334.211	 16455
 334.213	 16455
 334.215	 16440
 334.218	 16455
 334.220	 16455
 334.222	 16440
 334.225	 16455
 334.227	 16455
 334.229	 16455
 334.232	 16455
 334.234	 16440
 334.236	 16455
 334.239	 16455
 334.241	 16470
 334.244	 16470
 334.246	 16470
 334.248	 16455
 334.251	 16455
 334.253	 16470
 334.255	 16480
 334.258	 16480
 334.260	 16480
 334.262	 16480
 334.265	 16510
 334.267	 16480
 334.269	 16495
 334.272	 16495
 334.274	 16510
 334.276	 16510
 334.279	 16495
 334.281	 16510
 334.283	 16510
 334.286	 16520
 334.288	 16535
 334.290	 16535
 334.293	 16520
 334.295	 16535
 334.297	 16535
 334.300	 16520
 334.302	 16535
 334.304	 16535
 334.307	 16535
 334.309	 16535
 334.312	 16520
 334.314	 16520
 334.316	 16535
 334.319	 16550
 334.321	 16550
 334.323	 16550
 334.326	 16535
 334.328	 16535
 334.330	 16560
 334.333	 16560
 334.335	 16560
 334.337	 16560
 334.340	 16560
 334.342	 16560
 334.344	 16560
 334.347	 16560
 334.349	 16560
 334.351	 16560
 334.354	 16575
 334.356	 16575
 334.358	 16590
 334.361	 16590
 334.363	 16590
 334.365	 16590
 334.368	 16590
 334.370	 16600
 334.372	 16600
 334.375	 16600
 334.377	 16600
 334.379	 16600
 334.382	 16600
 334.384	 16590
 334.387	 16600
 334.389	 16615
 334.391	 16615
 334.394	 16615
 334.396	 16615
 334.398	 16615
 334.401	 16615
 334.403	 16630
 334.405	 16630
 334.408	 16640
 334.410	 16630
 334.412	 16640
 334.415	 16630
 334.417	 16640
 334.419	 16640
 334.422	 16655
 334.424	 16655
 334.426	 16655
 334.429	 16655
 334.431	 16670
 334.433	 16680
 334.436	 16680
 334.438	 16670
 334.440	 16695
 334.443	 16695
 334.445	 16695
 334.447	 16710
 334.450	 16710
 334.452	 16710
 334.455	 16710
 334.457	 16720
 334.459	 16720
 334.462	 16720
 334.464	 16720
 334.466	 16735
 334.469	 16720
 334.471	 16720
 334.473	 16735
 334.476	 16750
 334.478	 16750
 334.480	 16750
 334.483	 16760
 334.485	 16760
 334.487	 16760
 334.490	 16775
 334.492	 16790
 334.494	 16790
 334.497	 16800
 334.499	 16815
 334.501	 16815
 334.504	 16815
 334.506	 16815
 334.508	 16815
 334.511	 16815
 334.513	 16815
 334.515	 16830
 334.518	 16830
 334.520	 16840
 334.522	 16840
 334.525	 16840
 334.527	 16870
 334.530	 16870
 334.532	 16870
 334.534	 16870
 334.537	 16870
 334.539	 16880
 334.541	 16880
 334.544	 16895
 334.546	 16895
 334.548	 16920
 334.551	 16920
 334.553	 16920
 334.555	 16935
 334.558	 16920
 334.560	 16935
 334.562	 16935
 334.565	 16950
 334.567	 16950
 334.569	 16975
 334.572	 16975
 334.574	 16990
 334.576	 16990
 334.579	 16990
 334.581	 16975
 334.583	 16975
 334.586	 16990
 334.588	 17000
 334.590	 17000
 334.593	 17015
 334.595	 17015
 334.598	 17015
 334.600	 17030
 334.602	 17040
 334.605	 17040
 334.607	 17040
 334.609	 17040
 334.612	 17055
 334.614	 17070
 334.616	 17070
 334.619	 17080
 334.621	 17095
 334.623	 17095
 334.626	 17110
 334.628	 17120
 334.630	 17120
 334.633	 17135
 334.635	 17135
 334.637	 17135
 334.640	 17150
 334.642	 17150
 334.644	 17160
 334.647	 17160
 334.649	 17175
 334.651	 17175
 334.654	 17190
 334.656	 17200
 334.658	 17200
 334.661	 17240
 334.663	 17240
 334.665	 17240
 334.668	 17240
 334.670	 17240
 334.673	 17270
 334.675	 17255
 334.677	 17270
 334.680	 17280
 334.682	 17295
 334.684	 17295
 334.687	 17295
 334.689	 17295
 334.691	 17310
 334.694	 17320
 334.696	 17320
 334.698	 17335
 334.701	 17335
 334.703	 17350
 334.705	 17350
 334.708	 17350
 334.710	 17350
 334.712	 17375
 334.715	 17390
 334.717	 17390
 334.719	 17400
 334.722	 17415
 334.724	 17430
 334.726	 17430
 334.729	 17430
 334.731	 17440
 334.733	 17470
 334.736	 17470
 334.738	 17470
 334.741	 17480
 334.743	 17495
 334.745	 17510
 334.748	 17520
 334.750	 17520
 334.752	 17520
 334.755	 17535
 334.757	 17535
 334.759	 17535
 334.762	 17550
 334.764	 17560
 334.766	 17560
 334.769	 17560
 334.771	 17575
 334.773	 17575
 334.776	 17590
 334.778	 17590
 334.780	 17600
 334.783	 17600
 334.785	 17600
 334.787	 17630
 334.790	 17640
 334.792	 17640
 334.794	 17640
 334.797	 17640
 334.799	 17655
 334.801	 17680
 334.804	 17680
 334.806	 17695
 334.809	 17695
 334.811	 17710
 334.813	 17710
 334.816	 17720
 334.818	 17735
 334.820	 17735
 334.823	 17750
 334.825	 17760
 334.827	 17760
 334.830	 17775
 334.832	 17775
 334.834	 17775
 334.837	 17775
 334.839	 17790
 334.841	 17800
 334.844	 17815
 334.846	 17800
 334.848	 17800
 334.851	 17815
 334.853	 17815
 334.855	 17830
 334.858	 17830
 334.860	 17840
 334.862	 17840
 334.865	 17855
 334.867	 17870
 334.869	 17870
 334.872	 17895
 334.874	 17895
 334.876	 17895
 334.879	 17895
 334.881	 17895
 334.884	 17880
 334.886	 17895
 334.888	 17895
 334.891	 17920
 334.893	 17920
 334.895	 17935
 334.898	 17950
 334.900	 17950
 334.902	 17950
 334.905	 17960
 334.907	 17960
 334.909	 17950
 334.912	 17950
 334.914	 17960
 334.916	 17960
 334.919	 17975
 334.921	 17975
 334.923	 17975
 334.926	 17990
 334.928	 17990
 334.930	 18000
 334.933	 17990
 334.935	 18000
 334.937	 18015
 334.940	 18015
 334.942	 18015
 334.944	 18030
 334.947	 18015
 334.949	 18015
 334.952	 18015
 334.954	 18030
 334.956	 18030
 334.959	 18040
 334.961	 18030
 334.963	 18040
 334.966	 18055
 334.968	 18040
 334.970	 18040
 334.973	 18055
 334.975	 18070
 334.977	 18070
 334.980	 18080
 334.982	 18080
 334.984	 18080
 334.987	 18080
 334.989	 18080
 334.991	 18080
 334.994	 18080
 334.996	 18080
 334.998	 18080
 335.001	 18095
 335.003	 18095
 335.005	 18095
 335.008	 18095
 335.010	 18095
 335.012	 18080
 335.015	 18110
 335.017	 18110
 335.019	 18110
 335.022	 18095
 335.024	 18095
 335.027	 18095
 335.029	 18095
 335.031	 18095
 335.034	 18095
 335.036	 18095
 335.038	 18110
 335.041	 18095
 335.043	 18095
 335.045	 18080
 335.048	 18080
 335.050	 18080
 335.052	 18080
 335.055	 18080
 335.057	 18080
 335.059	 18080
 335.062	 18080
 335.064	 18070
 335.066	 18080
 335.069	 18070
 335.071	 18055
 335.073	 18055
 335.076	 18055
 335.078	 18055
 335.080	 18040
 335.083	 18040
 335.085	 18055
 335.087	 18055
 335.090	 18055
 335.092	 18030
 335.095	 18030
 335.097	 18030
 335.099	 18015
 335.102	 18015
 335.104	 18000
 335.106	 18000
 335.109	 18000
 335.111	 18000
 335.113	 18000
 335.116	 17975
 335.118	 17990
 335.120	 17960
 335.123	 17960
 335.125	 17960
 335.127	 17960
 335.130	 17950
 335.132	 17950
 335.134	 17935
 335.137	 17920
 335.139	 17920
 335.141	 17920
 335.144	 17910
 335.146	 17895
 335.148	 17910
 335.151	 17910
 335.153	 17895
 335.155	 17910
 335.158	 17895
 335.160	 17870
 335.162	 17855
 335.165	 17855
 335.167	 17855
 335.170	 17840
 335.172	 17815
 335.174	 17815
 335.177	 17800
 335.179	 17800
 335.181	 17775
 335.184	 17760
 335.186	 17760
 335.188	 17735
 335.191	 17720
 335.193	 17720
 335.195	 17720
 335.198	 17720
 335.200	 17710
 335.202	 17695
 335.205	 17695
 335.207	 17680
 335.209	 17680
 335.212	 17680
 335.214	 17655
 335.216	 17655
 335.219	 17640
 335.221	 17630
 335.223	 17630
 335.226	 17615
 335.228	 17600
 335.230	 17600
 335.233	 17575
 335.235	 17575
 335.238	 17560
 335.240	 17535
 335.242	 17535
 335.245	 17535
 335.247	 17520
 335.249	 17495
 335.252	 17495
 335.254	 17495
 335.256	 17480
 335.259	 17480
 335.261	 17480
 335.263	 17470
 335.266	 17440
 335.268	 17430
 335.270	 17430
 335.273	 17400
 335.275	 17400
 335.277	 17390
 335.280	 17375
 335.282	 17360
 335.284	 17350
 335.287	 17350
 335.289	 17320
 335.291	 17335
 335.294	 17335
 335.296	 17310
 335.298	 17310
 335.301	 17295
 335.303	 17280
 335.305	 17270
 335.308	 17255
 335.310	 17240
 335.313	 17240
 335.315	 17230
 335.317	 17200
 335.320	 17200
 335.322	 17200
 335.324	 17200
 335.327	 17175
 335.329	 17175
 335.331	 17160
 335.334	 17160
 335.336	 17150
 335.338	 17135
 335.341	 17135
 335.343	 17135
 335.345	 17120
 335.348	 17110
 335.350	 17110
 335.352	 17095
 335.355	 17095
 335.357	 17095
 335.359	 17080
 335.362	 17080
 335.364	 17070
 335.366	 17040
 335.369	 17040
 335.371	 17030
 335.373	 17030
 335.376	 17030
 335.378	 17015
 335.381	 17015
 335.383	 17015
 335.385	 17000
 335.388	 16990
 335.390	 16990
 335.392	 16975
 335.395	 16975
 335.397	 16960
 335.399	 16950
 335.402	 16950
 335.404	 16950
 335.406	 16935
 335.409	 16935
 335.411	 16920
 335.413	 16920
 335.416	 16920
 335.418	 16920
 335.420	 16910
 335.423	 16910
 335.425	 16910
 335.427	 16910
 335.430	 16910
 335.432	 16910
 335.434	 16895
 335.437	 16895
 335.439	 16895
 335.441	 16895
 335.444	 16895
 335.446	 16880
 335.449	 16880
 335.451	 16880
 335.453	 16880
 335.456	 16855
 335.458	 16855
 335.460	 16855
 335.463	 16855
 335.465	 16855
 335.467	 16855
 335.470	 16840
 335.472	 16855
 335.474	 16855
 335.477	 16855
 335.479	 16855
 335.481	 16855
 335.484	 16855
 335.486	 16855
 335.488	 16855
 335.491	 16855
 335.493	 16870
 335.495	 16870
 335.498	 16870
 335.500	 16870
 335.502	 16870
 335.505	 16895
 335.507	 16910
 335.509	 16920
 335.512	 16910
 335.514	 16910
 335.516	 16920
 335.519	 16920
 335.521	 16935
 335.524	 16935
 335.526	 16935
 335.528	 16935
 335.531	 16935
 335.533	 16935
 335.535	 16935
 335.538	 16950
 335.540	 16960
 335.542	 16960
 335.545	 16960
 335.547	 16975
 335.549	 16990
 335.552	 16990
 335.554	 17000
 335.556	 17015
 335.559	 17015
 335.561	 17030
 335.563	 17030
 335.566	 17055
 335.568	 17055
 335.570	 17055
 335.573	 17070
 335.575	 17080
 335.577	 17080
 335.580	 17095
 335.582	 17110
 335.584	 17120
 335.587	 17135
 335.589	 17150
 335.592	 17150
 335.594	 17160
 335.596	 17175
 335.599	 17175
 335.601	 17190
 335.603	 17200
 335.606	 17200
 335.608	 17215
 335.610	 17215
 335.613	 17240
 335.615	 17255
 335.617	 17255
 335.620	 17270
 335.622	 17280
 335.624	 17310
 335.627	 17320
 335.629	 17320
 335.631	 17320
 335.634	 17360
 335.636	 17360
 335.638	 17375
 335.641	 17390
 335.643	 17400
 335.645	 17415
 335.648	 17430
 335.650	 17440
 335.652	 17455
 335.655	 17480
 335.657	 17480
 335.659	 17480
 335.662	 17510
 335.664	 17520
 335.667	 17520
 335.669	 17560
 335.671	 17560
 335.674	 17560
 335.676	 17575
 335.678	 17600
 335.681	 17615
 335.683	 17615
 335.685	 17640
 335.688	 17655
 335.690	 17670
 335.692	 17670
 335.695	 17695
 335.697	 17710
 335.699	 17720
 335.702	 17750
 335.704	 17760
 335.706	 17790
 335.709	 17815
 335.711	 17830
 335.713	 17840
 335.716	 17855
 335.718	 17880
 335.720	 17880
 335.723	 17895
 335.725	 17910
 335.727	 17935
 335.730	 17950
 335.732	 17960
 335.735	 17960
 335.737	 17990
 335.739	 17990
 335.742	 18000
 335.744	 18030
 335.746	 18030
 335.749	 18070
 335.751	 18070
 335.753	 18080
 335.756	 18080
 335.758	 18110
 335.760	 18120
 335.763	 18150
 335.765	 18150
 335.767	 18160
 335.770	 18175
 335.772	 18175
 335.774	 18175
 335.777	 18215
 335.779	 18215
 335.781	 18230
 335.784	 18255
 335.786	 18270
 335.788	 18270
 335.791	 18270
 335.793	 18295
 335.795	 18295
 335.798	 18295
 335.800	 18335
 335.802	 18335
 335.805	 18335
 335.807	 18360
 335.810	 18375
 335.812	 18390
 335.814	 18390
 335.817	 18415
 335.819	 18415
 335.821	 18415
 335.824	 18440
 335.826	 18440
 335.828	 18470
 335.831	 18470
 335.833	 18480
 335.835	 18480
 335.838	 18480
 335.840	 18480
 335.842	 18480
 335.845	 18495
 335.847	 18510
 335.849	 18510
 335.852	 18520
 335.854	 18535
 335.856	 18535
 335.859	 18550
 335.861	 18575
 335.863	 18575
 335.866	 18590
 335.868	 18590
 335.870	 18590
 335.873	 18615
 335.875	 18615
 335.878	 18615
 335.880	 18615
 335.882	 18630
 335.885	 18640
 335.887	 18640
 335.889	 18640
 335.892	 18655
 335.894	 18655
 335.896	 18670
 335.899	 18670
 335.901	 18670
 335.903	 18670
 335.906	 18670
 335.908	 18670
 335.910	 18695
 335.913	 18680
 335.915	 18695
 335.917	 18680
 335.920	 18695
 335.922	 18695
 335.924	 18695
 335.927	 18680
 335.929	 18680
 335.931	 18680
 335.934	 18695
 335.936	 18680
 335.938	 18680
 335.941	 18695
 335.943	 18695
 335.945	 18695
 335.948	 18695
 335.950	 18695
 335.953	 18670
 335.955	 18670
 335.957	 18670
 335.960	 18670
 335.962	 18655
 335.964	 18670
 335.967	 18670
 335.969	 18655
 335.971	 18655
 335.974	 18630
 335.976	 18630
 335.978	 18630
 335.981	 18615
 335.983	 18615
 335.985	 18615
 335.988	 18615
 335.990	 18590
 335.992	 18590
 335.995	 18575
 335.997	 18560
 335.999	 18550
 336.002	 18535
 336.004	 18535
 336.006	 18535
 336.009	 18535
 336.011	 18535
 336.013	 18510
 336.016	 18510
 336.018	 18495
 336.021	 18480
 336.023	 18470
 336.025	 18455
 336.028	 18440
 336.030	 18440
 336.032	 18430
 336.035	 18415
 336.037	 18400
 336.039	 18375
 336.042	 18360
 336.044	 18350
 336.046	 18335
 336.049	 18320
 336.051	 18310
 336.053	 18310
 336.056	 18295
 336.058	 18280
 336.060	 18255
 336.063	 18255
 336.065	 18240
 336.067	 18240
 336.070	 18215
 336.072	 18200
 336.074	 18190
 336.077	 18175
 336.079	 18150
 336.081	 18120
 336.084	 18095
 336.086	 18080
 336.089	 18070
 336.091	 18055
 336.093	 18030
 336.096	 18030
 336.098	 18000
 336.100	 17990
 336.103	 17960
 336.105	 17950
 336.107	 17950
 336.110	 17935
 336.112	 17895
 336.114	 17880
 336.117	 17855
 336.119	 17855
 336.121	 17840
 336.124	 17815
 336.126	 17815
 336.128	 17775
 336.131	 17760
 336.133	 17735
 336.135	 17710
 336.138	 17695
 336.140	 17695
 336.142	 17655
 336.145	 17640
 336.147	 17615
 336.149	 17590
 336.152	 17590
 336.154	 17550
 336.156	 17550
 336.159	 17520
 336.161	 17510
 336.164	 17480
 336.166	 17470
 336.168	 17455
 336.171	 17415
 336.173	 17375
 336.175	 17375
 336.178	 17360
 336.180	 17350
 336.182	 17335
 336.185	 17320
 336.187	 17295
 336.189	 17280
 336.192	 17255
 336.194	 17240
 336.196	 17230
 336.199	 17200
 336.201	 17200
 336.203	 17190
 336.206	 17160
 336.208	 17150
 336.210	 17120
 336.213	 17110
 336.215	 17095
 336.217	 17055
 336.220	 17040
 336.222	 17040
 336.224	 17030
 336.227	 17000
 336.229	 17000
 336.232	 16960
 336.234	 16950
 336.236	 16920
 336.239	 16910
 336.241	 16880
 336.243	 16880
 336.246	 16880
 336.248	 16840
 336.250	 16840
 336.253	 16840
 336.255	 16800
 336.257	 16800
 336.260	 16775
 336.262	 16760
 336.264	 16735
 336.267	 16720
 336.269	 16720
 336.271	 16710
 336.274	 16695
 336.276	 16670
 336.278	 16670
 336.281	 16655
 336.283	 16630
 336.285	 16630
 336.288	 16630
 336.290	 16600
 336.292	 16590
 336.295	 16590
 336.297	 16590
 336.299	 16590
 336.302	 16575
 336.304	 16560
 336.307	 16550
 336.309	 16550
 336.311	 16550
 336.314	 16520
 336.316	 16535
 336.318	 16510
 336.321	 16510
 336.323	 16480
 336.325	 16480
 336.328	 16470
 336.330	 16455
 336.332	 16455
 336.335	 16430
 336.337	 16430
 336.339	 16430
 336.342	 16415
 336.344	 16415
 336.346	 16400
 336.349	 16400
 336.351	 16400
 336.353	 16415
 336.356	 16400
 336.358	 16415
 336.360	 16415
 336.363	 16400
 336.365	 16400
 336.367	 16390
 336.370	 16400
 336.372	 16375
 336.375	 16375
 336.377	 16375
 336.379	 16375
 336.382	 16375
 336.384	 16360
 336.386	 16375
 336.389	 16375
 336.391	 16375
 336.393	 16375
 336.396	 16375
 336.398	 16375
 336.400	 16375
 336.403	 16375
 336.405	 16375
 336.407	 16375
 336.410	 16400
 336.412	 16400
 336.414	 16400
 336.417	 16400
 336.419	 16415
 336.421	 16440
 336.424	 16415
 336.426	 16430
 336.428	 16440
 336.431	 16455
 336.433	 16470
 336.435	 16470
 336.438	 16480
 336.440	 16480
 336.442	 16510
 336.445	 16510
 336.447	 16535
 336.450	 16560
 336.452	 16560
 336.454	 16560
 336.457	 16560
 336.459	 16575
 336.461	 16590
 336.464	 16615
 336.466	 16630
 336.468	 16630
 336.471	 16630
 336.473	 16655
 336.475	 16680
 336.478	 16680
 336.480	 16710
 336.482	 16710
 336.485	 16710
 336.487	 16720
 336.489	 16750
 336.492	 16790
 336.494	 16790
 336.496	 16800
 336.499	 16815
 336.501	 16830
 336.503	 16840
 336.506	 16870
 336.508	 16895
 336.510	 16895
 336.513	 16910
 336.515	 16910
 336.518	 16935
 336.520	 16960
 336.522	 16975
 336.525	 16990
 336.527	 17000
 336.529	 17000
 336.532	 17040
 336.534	 17040
 336.536	 17070
 336.539	 17095
 336.541	 17110
 336.543	 17120
 336.546	 17135
 336.548	 17160
 336.550	 17175
 336.553	 17200
 336.555	 17215
 336.557	 17230
 336.560	 17255
 336.562	 17255
 336.564	 17280
 336.567	 17295
 336.569	 17320
 336.571	 17320
 336.574	 17360
 336.576	 17390
 336.578	 17390
 336.581	 17400
 336.583	 17440
 336.585	 17470
 336.588	 17480
 336.590	 17495
 336.593	 17520
 336.595	 17550
 336.597	 17560
 336.600	 17590
 336.602	 17615
 336.604	 17640
 336.607	 17655
 336.609	 17670
 336.611	 17695
 336.614	 17710
 336.616	 17720
 336.618	 17760
 336.621	 17775
 336.623	 17790
 336.625	 17800
 336.628	 17830
 336.630	 17840
 336.632	 17855
 336.635	 17880
 336.637	 17895
 336.639	 17935
 336.642	 17950
 336.644	 17975
 336.646	 17975
 336.649	 17990
 336.651	 18030
 336.653	 18030
 336.656	 18040
 336.658	 18070
 336.661	 18095
 336.663	 18120
 336.665	 18135
 336.668	 18150
 336.670	 18160
 336.672	 18175
 336.675	 18175
 336.677	 18190
 336.679	 18190
 336.682	 18230
 336.684	 18230
 336.686	 18255
 336.689	 18270
 336.691	 18295
 336.693	 18320
 336.696	 18320
 336.698	 18350
 336.700	 18360
 336.703	 18390
 336.705	 18390
 336.707	 18400
 336.710	 18430
 336.712	 18430
 336.714	 18430
 336.717	 18440
 336.719	 18470
 336.721	 18470
 336.724	 18480
 336.726	 18480
 336.729	 18495
 336.731	 18510
 336.733	 18520
 336.736	 18550
 336.738	 18560
 336.740	 18560
 336.743	 18575
 336.745	 18600
 336.747	 18600
 336.750	 18600
 336.752	 18600
 336.754	 18615
 336.757	 18615
 336.759	 18630
 336.761	 18630
 336.764	 18655
 336.766	 18655
 336.768	 18655
 336.771	 18680
 336.773	 18680
 336.775	 18695
 336.778	 18695
 336.780	 18695
 336.782	 18695
 336.785	 18720
 336.787	 18720
 336.789	 18710
 336.792	 18710
 336.794	 18710
 336.796	 18710
 336.799	 18710
 336.801	 18710
 336.804	 18720
 336.806	 18720
 336.808	 18720
 336.811	 18710
 336.813	 18710
 336.815	 18710
 336.818	 18710
 336.820	 18710
 336.822	 18695
 336.825	 18670
 336.827	 18670
 336.829	 18670
 336.832	 18670
 336.834	 18670
 336.836	 18670
 336.839	 18670
 336.841	 18670
 336.843	 18670
 336.846	 18640
 336.848	 18640
 336.850	 18630
 336.853	 18630
 336.855	 18600
 336.857	 18600
 336.860	 18600
 336.862	 18590
 336.864	 18575
 336.867	 18575
 336.869	 18550
 336.872	 18535
 336.874	 18535
 336.876	 18520
 336.879	 18520
 336.881	 18510
 336.883	 18480
 336.886	 18480
 336.888	 18455
 336.890	 18440
 336.893	 18430
 336.895	 18415
 336.897	 18400
 336.900	 18375
 336.902	 18375
 336.904	 18335
 336.907	 18320
 336.909	 18310
 336.911	 18280
 336.914	 18255
 336.916	 18230
 336.918	 18200
 336.921	 18190
 336.923	 18160
 336.925	 18135
 336.928	 18120
 336.930	 18095
 336.932	 18080
 336.935	 18040
 336.937	 18030
 336.939	 18000
 336.942	 17950
 336.944	 17910
 336.947	 17895
 336.949	 17855
 336.951	 17840
 336.954	 17800
 336.956	 17760
 336.958	 17720
 336.961	 17720
 336.963	 17680
 336.965	 17655
 336.968	 17600
 336.970	 17560
 336.972	 17535
 336.975	 17510
 336.977	 17470
 336.979	 17430
 336.982	 17390
 336.984	 17350
 336.986	 17335
 336.989	 17280
 336.991	 17255
 336.993	 17215
 336.996	 17200
 336.998	 17160
 337.000	 17110
 337.003	 17070
 337.005	 17030
 337.007	 16990
 337.010	 16950
 337.012	 16910
 337.015	 16870
 337.017	 16830
 337.019	 16800
 337.022	 16760
 337.024	 16710
 337.026	 16680
 337.029	 16640
 337.031	 16600
 337.033	 16560
 337.036	 16520
 337.038	 16480
 337.040	 16440
 337.043	 16400
 337.045	 16360
 337.047	 16320
 337.050	 16280
 337.052	 16230
 337.054	 16190
 337.057	 16150
 337.059	 16110
 337.061	 16070
 337.064	 16015
 337.066	 15960
 337.068	 15920
 337.071	 15880
 337.073	 15840
 337.075	 15800
 337.078	 15760
 337.080	 15720
 337.082	 15680
 337.085	 15655
 337.087	 15630
 337.090	 15590
 337.092	 15550
 337.094	 15510
 337.097	 15470
 337.099	 15430
 337.101	 15390
 337.104	 15360
 337.106	 15320
 337.108	 15310
 337.111	 15270
 337.113	 15240
 337.115	 15190
 337.118	 15150
 337.120	 15120
 337.122	 15095
 337.125	 15040
 337.127	 15000
 337.129	 14975
 337.132	 14950
 337.134	 14920
 337.136	 14895
 337.139	 14855
 337.141	 14840
 337.143	 14800
 337.146	 14760
 337.148	 14750
 337.150	 14720
 337.153	 14680
 337.155	 14655
 337.158	 14630
 337.160	 14600
 337.162	 14590
 337.165	 14560
 337.167	 14520
 337.169	 14495
 337.172	 14470
 337.174	 14455
 337.176	 14415
 337.179	 14400
 337.181	 14375
 337.183	 14350
 337.186	 14335
 337.188	 14320
 337.190	 14295
 337.193	 14270
 337.195	 14240
 337.197	 14230
 337.200	 14200
 337.202	 14190
 337.204	 14160
 337.207	 14150
 337.209	 14120
 337.211	 14120
 337.214	 14095
 337.216	 14095
 337.218	 14055
 337.221	 14070
 337.223	 14030
 337.225	 14030
 337.228	 14015
 337.230	 13990
 337.233	 13990
 337.235	 13990
 337.237	 13960
 337.240	 13950
 337.242	 13935
 337.244	 13910
 337.247	 13910
 337.249	 13910
 337.251	 13910
 337.254	 13895
 337.256	 13880
 337.258	 13855
 337.261	 13855
 337.263	 13855
 337.265	 13855
 337.268	 13840
 337.270	 13830
 337.272	 13830
 337.275	 13830
 337.277	 13815
 337.279	 13830
 337.282	 13815
 337.284	 13815
 337.286	 13815
 337.289	 13800
 337.291	 13800
 337.293	 13800
 337.296	 13790
 337.298	 13790
 337.301	 13775
 337.303	 13760
 337.305	 13790
 337.308	 13790
 337.310	 13790
 337.312	 13775
 337.315	 13790
 337.317	 13800
 337.319	 13790
 337.322	 13800
 337.324	 13800
 337.326	 13800
 337.329	 13800
 337.331	 13800
 337.333	 13815
 337.336	 13830
 337.338	 13815
 337.340	 13815
 337.343	 13830
 337.345	 13830
 337.347	 13830
 337.350	 13830
 337.352	 13840
 337.354	 13840
 337.357	 13855
 337.359	 13855
 337.361	 13870
 337.364	 13870
 337.366	 13880
 337.369	 13880
 337.371	 13895
 337.373	 13910
 337.376	 13920
 337.378	 13920
 337.380	 13935
 337.383	 13960
 337.385	 13975
 337.387	 13975
 337.390	 13975
 337.392	 14000
 337.394	 14000
 337.397	 14015
 337.399	 14030
 337.401	 14030
 337.404	 14070
 337.406	 14080
 337.408	 14080
 337.411	 14095
 337.413	 14120
 337.415	 14120
 337.418	 14135
 337.420	 14160
 337.422	 14160
 337.425	 14190
 337.427	 14215
 337.429	 14230
 337.432	 14240
 337.434	 14255
 337.436	 14280
 337.439	 14295
 337.441	 14310
 337.444	 14335
 337.446	 14350
 337.448	 14375
 337.451	 14390
 337.453	 14415
 337.455	 14440
 337.458	 14455
 337.460	 14480
 337.462	 14480
 337.465	 14495
 337.467	 14520
 337.469	 14520
 337.472	 14550
 337.474	 14560
 337.476	 14590
 337.479	 14600
 337.481	 14615
 337.483	 14630
 337.486	 14670
 337.488	 14670
 337.490	 14710
 337.493	 14710
 337.495	 14750
 337.497	 14760
 337.500	 14790
 337.502	 14790
 337.504	 14815
 337.507	 14830
 337.509	 14840
 337.512	 14870
 337.514	 14880
 337.516	 14910
 337.519	 14935
 337.521	 14950
 337.523	 14950
 337.526	 14990
 337.528	 14990
 337.530	 15015
 337.533	 15040
 337.535	 15040
 337.537	 15055
 337.540	 15080
 337.542	 15095
 337.544	 15120
 337.547	 15135
 337.549	 15135
 337.551	 15150
 337.554	 15175
 337.556	 15190
 337.558	 15215
 337.561	 15230
 337.563	 15240
 337.565	 15255
 337.568	 15295
 337.570	 15295
 337.572	 15310
 337.575	 15320
 337.577	 15350
 337.579	 15360
 337.582	 15360
 337.584	 15400
 337.587	 15415
 337.589	 15440
 337.591	 15440
 337.594	 15470
 337.596	 15480
 337.598	 15495
 337.601	 15495
 337.603	 15535
 337.605	 15550
 337.608	 15560
 337.610	 15575
 337.612	 15590
 337.615	 15600
 337.617	 15615
 337.619	 15655
 337.622	 15655
 337.624	 15670
 337.626	 15680
 337.629	 15695
 337.631	 15710
 337.633	 15710
 337.636	 15710
 337.638	 15735
 337.640	 15735
 337.643	 15750
 337.645	 15750
 337.647	 15775
 337.650	 15775
 337.652	 15775
 337.655	 15775
 337.657	 15790
 337.659	 15815
 337.662	 15815
 337.664	 15830
 337.666	 15830
 337.669	 15840
 337.671	 15855
 337.673	 15855
 337.676	 15880
 337.678	 15880
 337.680	 15880
 337.683	 15910
 337.685	 15910
 337.687	 15910
 337.690	 15910
 337.692	 15910
 337.694	 15920
 337.697	 15935
 337.699	 15950
 337.701	 15935
 337.704	 15950
 337.706	 15950
 337.708	 15950
 337.711	 15950
 337.713	 15950
 337.715	 15950
 337.718	 15950
 337.720	 15950
 337.722	 15950
 337.725	 15960
 337.727	 15935
 337.730	 15935
 337.732	 15950
 337.734	 15960
 337.737	 15950
 337.739	 15950
 337.741	 15960
 337.744	 15960
 337.746	 15950
 337.748	 15950
 337.751	 15950
 337.753	 15950
 337.755	 15950
 337.758	 15935
 337.760	 15935
 337.762	 15920
 337.765	 15920
 337.767	 15920
 337.769	 15920
 337.772	 15920
 337.774	 15895
 337.776	 15895
 337.779	 15895
 337.781	 15895
 337.783	 15880
 337.786	 15870
 337.788	 15870
 337.790	 15870
 337.793	 15855
 337.795	 15840
 337.798	 15840
 337.800	 15840
 337.802	 15800
 337.805	 15815
 337.807	 15800
 337.809	 15800
 337.812	 15790
 337.814	 15790
 337.816	 15760
 337.819	 15750
 337.821	 15750
 337.823	 15750
 337.826	 15735
 337.828	 15735
 337.830	 15720
 337.833	 15710
 337.835	 15680
 337.837	 15680
 337.840	 15655
 337.842	 15640
 337.844	 15655
 337.847	 15630
 337.849	 15615
 337.851	 15590
 337.854	 15590
 337.856	 15575
 337.858	 15550
 337.861	 15520
 337.863	 15520
 337.865	 15520
 337.868	 15480
 337.870	 15480
 337.873	 15470
 337.875	 15430
 337.877	 15415
 337.880	 15400
 337.882	 15375
 337.884	 15360
 337.887	 15335
 337.889	 15310
 337.891	 15295
 337.894	 15280
 337.896	 15255
 337.898	 15255
 337.901	 15240
 337.903	 15230
 337.905	 15215
 337.908	 15190
 337.910	 15160
 337.912	 15150
 337.915	 15120
 337.917	 15095
 337.919	 15080
 337.922	 15070
 337.924	 15055
 337.926	 15040
 337.929	 15015
 337.931	 15000
 337.933	 14990
 337.936	 14950
 337.938	 14920
 337.941	 14910
 337.943	 14895
 337.945	 14880
 337.948	 14870
 337.950	 14840
 337.952	 14840
 337.955	 14815
 337.957	 14800
 337.959	 14775
 337.962	 14760
 337.964	 14750
 337.966	 14735
 337.969	 14710
 337.971	 14710
 337.973	 14680
 337.976	 14670
 337.978	 14640
 337.980	 14630
 337.983	 14600
 337.985	 14575
 337.987	 14560
 337.990	 14550
 337.992	 14520
 337.994	 14510
 337.997	 14480
 337.999	 14480
 338.001	 14455
 338.004	 14455
 338.006	 14430
 338.009	 14415
 338.011	 14400
 338.013	 14390
 338.016	 14360
 338.018	 14350
 338.020	 14320
 338.023	 14320
 338.025	 14295
 338.027	 14270
 338.030	 14255
 338.032	 14230
 338.034	 14215
 338.037	 14200
 338.039	 14175
 338.041	 14175
 338.044	 14150
 338.046	 14135
 338.048	 14135
 338.051	 14110
 338.053	 14095
 338.055	 14095
 338.058	 14070
 338.060	 14055
 338.062	 14030
 338.065	 14030
 338.067	 14015
 338.069	 14000
 338.072	 14000
 338.074	 13990
 338.076	 13960
 338.079	 13950
 338.081	 13950
 338.084	 13935
 338.086	 13920
 338.088	 13910
 338.091	 13895
 338.093	 13895
 338.095	 13880
 338.098	 13870
 338.100	 13870
 338.102	 13855
 338.105	 13840
 338.107	 13840
 338.109	 13830
 338.112	 13830
 338.114	 13800
 338.116	 13800
 338.119	 13800
 338.121	 13790
 338.123	 13775
 338.126	 13790
 338.128	 13775
 338.130	 13760
 338.133	 13760
 338.135	 13750
 338.137	 13750
 338.140	 13750
 338.142	 13750
 338.144	 13735
 338.147	 13720
 338.149	 13710
 338.152	 13710
 338.154	 13710
 338.156	 13695
 338.159	 13680
 338.161	 13670
 338.163	 13670
 338.166	 13670
 338.168	 13670
 338.170	 13670
 338.173	 13670
 338.175	 13655
 338.177	 13655
 338.180	 13670
 338.182	 13670
 338.184	 13670
 338.187	 13670
 338.189	 13670
 338.191	 13670
 338.194	 13680
 338.196	 13680
 338.198	 13670
 338.201	 13680
 338.203	 13670
 338.205	 13670
 338.208	 13680
 338.210	 13670
 338.212	 13695
 338.215	 13680
 338.217	 13680
 338.219	 13710
 338.222	 13710
 338.224	 13710
 338.227	 13710
 338.229	 13710
 338.231	 13710
 338.234	 13735
 338.236	 13735
 338.238	 13735
 338.241	 13750
 338.243	 13750
 338.245	 13750
 338.248	 13760
 338.250	 13760
 338.252	 13775
 338.255	 13790
 338.257	 13815
 338.259	 13815
 338.262	 13830
 338.264	 13830
 338.266	 13840
 338.269	 13840
 338.271	 13855
 338.273	 13855
 338.276	 13870
 338.278	 13880
 338.280	 13895
 338.283	 13920
 338.285	 13935
 338.287	 13935
 338.290	 13935
 338.292	 13950
 338.295	 13975
 338.297	 13975
 338.299	 13975
 338.302	 13990
 338.304	 13990
 338.306	 14000
 338.309	 14015
 338.311	 14015
 338.313	 14040
 338.316	 14055
 338.318	 14070
 338.320	 14070
 338.323	 14095
 338.325	 14095
 338.327	 14095
 338.330	 14120
 338.332	 14120
 338.334	 14120
 338.337	 14160
 338.339	 14175
 338.341	 14175
 338.344	 14200
 338.346	 14230
 338.348	 14240
 338.351	 14240
 338.353	 14255
 338.355	 14295
 338.358	 14295
 338.360	 14295
 338.362	 14335
 338.365	 14335
 338.367	 14375
 338.370	 14375
 338.372	 14375
 338.374	 14400
 338.377	 14415
 338.379	 14415
 338.381	 14430
 338.384	 14455
 338.386	 14480
 338.388	 14480
 338.391	 14495
 338.393	 14520
 338.395	 14535
 338.398	 14550
 338.400	 14560
 338.402	 14575
 338.405	 14600
 338.407	 14600
 338.409	 14600
 338.412	 14630
 338.414	 14640
 338.416	 14640
 338.419	 14680
 338.421	 14680
 338.423	 14695
 338.426	 14720
 338.428	 14750
 338.430	 14750
 338.433	 14760
 338.435	 14790
 338.438	 14790
 338.440	 14790
 338.442	 14830
 338.445	 14840
 338.447	 14855
 338.449	 14870
 338.452	 14880
 338.454	 14910
 338.456	 14910
 338.459	 14920
 338.461	 14950
 338.463	 14950
 338.466	 14975
 338.468	 14975
 338.470	 15000
 338.473	 15000
 338.475	 15015
 338.477	 15015
 338.480	 15040
 338.482	 15055
 338.484	 15055
 338.487	 15055
 338.489	 15080
 338.491	 15095
 338.494	 15110
 338.496	 15110
 338.498	 15120
 338.501	 15135
 338.503	 15135
 338.505	 15150
 338.508	 15175
 338.510	 15175
 338.513	 15175
 338.515	 15200
 338.517	 15215
 338.520	 15215
 338.522	 15230
 338.524	 15240
 338.527	 15240
 338.529	 15240
 338.531	 15240
 338.534	 15255
 338.536	 15255
 338.538	 15280
 338.541	 15280
 338.543	 15310
 338.545	 15310
 338.548	 15310
 338.550	 15310
 338.552	 15310
 338.555	 15320
 338.557	 15310
 338.559	 15310
 338.562	 15320
 338.564	 15320
 338.566	 15320
 338.569	 15360
 338.571	 15350
 338.573	 15360
 338.576	 15360
 338.578	 15375
 338.581	 15375
 338.583	 15375
 338.585	 15390
 338.588	 15400
 338.590	 15415
 338.592	 15415
 338.595	 15415
 338.597	 15415
 338.599	 15400
 338.602	 15415
 338.604	 15415
 338.606	 15415
 338.609	 15430
 338.611	 15430
 338.613	 15430
 338.616	 15430
 338.618	 15430
 338.620	 15440
 338.623	 15440
 338.625	 15440
 338.627	 15430
 338.630	 15430
 338.632	 15430
 338.634	 15430
 338.637	 15440
 338.639	 15430
 338.641	 15430
 338.644	 15430
 338.646	 15430
 338.649	 15430
 338.651	 15430
 338.653	 15440
 338.656	 15440
 338.658	 15440
 338.660	 15430
 338.663	 15430
 338.665	 15430
 338.667	 15415
 338.670	 15415
 338.672	 15415
 338.674	 15415
 338.677	 15415
 338.679	 15415
 338.681	 15430
 338.684	 15430
 338.686	 15430
 338.688	 15430
 338.691	 15430
 338.693	 15415
 338.695	 15400
 338.698	 15415
 338.700	 15400
 338.702	 15415
 338.705	 15400
 338.707	 15390
 338.709	 15390
 338.712	 15390
 338.714	 15390
 338.716	 15375
 338.719	 15350
 338.721	 15350
 338.724	 15350
 338.726	 15335
 338.728	 15335
 338.731	 15320
 338.733	 15320
 338.735	 15320
 338.738	 15310
 338.740	 15295
 338.742	 15280
 338.745	 15280
 338.747	 15270
 338.749	 15255
 338.752	 15255
 338.754	 15240
 338.756	 15240
 338.759	 15230
 338.761	 15200
 338.763	 15190
 338.766	 15190
 338.768	 15175
 338.770	 15175
 338.773	 15160
 338.775	 15150
 338.777	 15150
 338.780	 15150
 338.782	 15150
 338.784	 15120
 338.787	 15120
 338.789	 15110
 338.792	 15095
 338.794	 15080
 338.796	 15080
 338.799	 15070
 338.801	 15055
 338.803	 15055
 338.806	 15030
 338.808	 15030
 338.810	 15030
 338.813	 15030
 338.815	 15015
 338.817	 15015
 338.820	 14990
 338.822	 14990
 338.824	 14960
 338.827	 14960
 338.829	 14960
 338.831	 14935
 338.834	 14935
 338.836	 14910
 338.838	 14895
 338.841	 14895
 338.843	 14880
 338.845	 14870
 338.848	 14870
 338.850	 14840
 338.852	 14840
 338.855	 14830
 338.857	 14830
 338.859	 14830
 338.862	 14815
 338.864	 14815
 338.867	 14800
 338.869	 14790
 338.871	 14775
 338.874	 14775
 338.876	 14760
 338.878	 14760
 338.881	 14750
 338.883	 14735
 338.885	 14720
 338.888	 14710
 338.890	 14695
 338.892	 14695
 338.895	 14680
 338.897	 14670
 338.899	 14655
 338.902	 14670
 338.904	 14655
 338.906	 14640
 338.909	 14655
 338.911	 14630
 338.913	 14630
 338.916	 14615
 338.918	 14615
 338.920	 14600
 338.923	 14575
 338.925	 14560
 338.927	 14560
 338.930	 14550
 338.932	 14550
 338.935	 14535
 338.937	 14520
 338.939	 14520
 338.942	 14520
 338.944	 14510
 338.946	 14495
 338.949	 14495
 338.951	 14480
 338.953	 14455
 338.956	 14455
 338.958	 14455
 338.960	 14455
 338.963	 14430
 338.965	 14430
 338.967	 14430
 338.970	 14430
 338.972	 14415
 338.974	 14415
 338.977	 14415
 338.979	 14415
 338.981	 14390
 338.984	 14390
 338.986	 14390
 338.988	 14375
 338.991	 14375
 338.993	 14375
 338.995	 14360
 338.998	 14350
 339.000	 14350
 339.002	 14350
 339.005	 14350
 339.007	 14335
 339.010	 14320
 339.012	 14320
 339.014	 14320
 339.017	 14320
 339.019	 14320
 339.021	 14310
 339.024	 14295
 339.026	 14280
 339.028	 14295
 339.031	 14280
 339.033	 14280
 339.035	 14280
 339.038	 14270
 339.040	 14270
 339.042	 14255
 339.045	 14255
 339.047	 14255
 339.049	 14255
 339.052	 14240
 339.054	 14240
 339.056	 14240
 339.059	 14240
 339.061	 14240
 339.063	 14230
 339.066	 14230
 339.068	 14230
 339.070	 14240
 339.073	 14240
 339.075	 14255
 339.078	 14230
 339.080	 14230
 339.082	 14230
 339.085	 14230
 339.087	 14230
 339.089	 14230
 339.092	 14230
 339.094	 14240
 339.096	 14215
 339.099	 14230
 339.101	 14230
 339.103	 14230
 339.106	 14230
 339.108	 14230
 339.110	 14215
 339.113	 14240
 339.115	 14240
 339.117	 14230
 339.120	 14230
 339.122	 14240
 339.124	 14240
 339.127	 14240
 339.129	 14240
 339.131	 14255
 339.134	 14255
 339.136	 14255
 339.138	 14255
 339.141	 14270
 339.143	 14270
 339.145	 14270
 339.148	 14270
 339.150	 14295
 339.153	 14295
 339.155	 14280
 339.157	 14280
 339.160	 14295
 339.162	 14310
 339.164	 14295
 339.167	 14295
 339.169	 14280
 339.171	 14280
 339.174	 14280
 339.176	 14295
 339.178	 14310
 339.181	 14310
 339.183	 14320
 339.185	 14320
 339.188	 14320
 339.190	 14335
 339.192	 14335
 339.195	 14350
 339.197	 14350
 339.199	 14350
 339.202	 14350
 339.204	 14350
 339.206	 14350
 339.209	 14360
 339.211	 14360
 339.213	 14360
 339.216	 14375
 339.218	 14375
 339.221	 14390
 339.223	 14375
 339.225	 14390
 339.228	 14390
 339.230	 14400
 339.232	 14415
 339.235	 14400
 339.237	 14400
 339.239	 14415
 339.242	 14430
 339.244	 14440
 339.246	 14440
 339.249	 14455
 339.251	 14455
 339.253	 14470
 339.256	 14480
 339.258	 14480
 339.260	 14480
 339.263	 14510
 339.265	 14510
 339.267	 14510
 339.270	 14520
 339.272	 14510
 339.274	 14535
 339.277	 14535
 339.279	 14535
 339.281	 14535
 339.284	 14535
 339.286	 14535
 339.289	 14560
 339.291	 14560
 339.293	 14575
 339.296	 14590
 339.298	 14590
 339.300	 14590
 339.303	 14600
 339.305	 14615
 339.307	 14615
 339.310	 14615
 339.312	 14615
 339.314	 14630
 339.317	 14655
 339.319	 14655
 339.321	 14640
 339.324	 14670
 339.326	 14670
 339.328	 14670
 339.331	 14680
 339.333	 14710
 339.335	 14710
 339.338	 14735
 339.340	 14735
 339.342	 14750
 339.345	 14750
 339.347	 14760
 339.349	 14760
 339.352	 14760
 339.354	 14790
 339.356	 14790
 339.359	 14800
 339.361	 14800
 339.364	 14800
 339.366	 14800
 339.368	 14830
 339.371	 14830
 339.373	 14840
 339.375	 14855
 339.378	 14840
 339.380	 14855
 339.382	 14855
 339.385	 14855
 339.387	 14870
 339.389	 14895
 339.392	 14895
 339.394	 14910
 339.396	 14935
 339.399	 14935
 339.401	 14935
 339.403	 14950
 339.406	 14935
 339.408	 14950
 339.410	 14950
 339.413	 14950
 339.415	 14975
 339.417	 14990
 339.420	 14990
 339.422	 14990
 339.424	 15000
 339.427	 15015
 339.429	 15030
 339.432	 15030
 339.434	 15015
 339.436	 15015
 339.439	 15055
 339.441	 15040
 339.443	 15055
 339.446	 15055
 339.448	 15070
 339.450	 15080
 339.453	 15080
 339.455	 15095
 339.457	 15095
 339.460	 15095
 339.462	 15095
 339.464	 15110
 339.467	 15110
 339.469	 15120
 339.471	 15120
 339.474	 15120
 339.476	 15135
 339.478	 15150
 339.481	 15150
 339.483	 15160
 339.485	 15175
 339.488	 15160
 339.490	 15160
 339.492	 15175
 339.495	 15190
 339.497	 15190
 339.499	 15175
 339.502	 15200
 339.504	 15200
 339.507	 15200
 339.509	 15215
 339.511	 15215
 339.514	 15215
 339.516	 15240
 339.518	 15255
 339.521	 15240
 339.523	 15270
 339.525	 15270
 339.528	 15270
 339.530	 15270
 339.532	 15270
 339.535	 15270
 339.537	 15280
 339.539	 15295
 339.542	 15295
 339.544	 15295
 339.546	 15310
 339.549	 15310
 339.551	 15310
 339.553	 15310
 339.556	 15320
 339.558	 15320
 339.560	 15335
 339.563	 15350
 339.565	 15350
 339.567	 15360
 339.570	 15375
 339.572	 15375
 339.575	 15375
 339.577	 15375
 339.579	 15400
 339.582	 15400
 339.584	 15415
 339.586	 15415
 339.589	 15400
 339.591	 15415
 339.593	 15415
 339.596	 15415
 339.598	 15440
 339.600	 15415
 339.603	 15415
 339.605	 15415
 339.607	 15430
 339.610	 15430
 339.612	 15455
 339.614	 15455
 339.617	 15455
 339.619	 15455
 339.621	 15455
 339.624	 15470
 339.626	 15470
 339.628	 15470
 339.631	 15470
 339.633	 15480
 339.635	 15480
 339.638	 15495
 339.640	 15495
 339.642	 15480
 339.645	 15480
 339.647	 15520
 339.650	 15520
 339.652	 15535
 339.654	 15550
 339.657	 15550
 339.659	 15550
 339.661	 15560
 339.664	 15560
 339.666	 15560
 339.668	 15560
 339.671	 15575
 339.673	 15575
 339.675	 15575
 339.678	 15560
 339.680	 15590
 339.682	 15590
 339.685	 15590
 339.687	 15590
 339.689	 15590
 339.692	 15590
 339.694	 15600
 339.696	 15630
 339.699	 15630
 339.701	 15630
 339.703	 15615
 339.706	 15615
 339.708	 15615
 339.710	 15615
 339.713	 15615
 339.715	 15615
 339.718	 15615
 339.720	 15630
 339.722	 15640
 339.725	 15640
 339.727	 15640
 339.729	 15640
 339.732	 15655
 339.734	 15655
 339.736	 15655
 339.739	 15655
 339.741	 15655
 339.743	 15655
 339.746	 15680
 339.748	 15670
 339.750	 15680
 339.753	 15680
 339.755	 15680
 339.757	 15695
 339.760	 15680
 339.762	 15680
 339.764	 15680
 339.767	 15680
 339.769	 15680
 339.771	 15680
 339.774	 15680
 339.776	 15680
 339.778	 15670
 339.781	 15680
 339.783	 15695
 339.785	 15695
 339.788	 15695
 339.790	 15695
 339.793	 15695
 339.795	 15695
 339.797	 15695
 339.800	 15710
 339.802	 15720
 339.804	 15735
 339.807	 15735
 339.809	 15735
 339.811	 15735
 339.814	 15735
 339.816	 15750
 339.818	 15750
 339.821	 15750
 339.823	 15760
 339.825	 15760
 339.828	 15790
 339.830	 15775
 339.832	 15790
 339.835	 15790
 339.837	 15790
 339.839	 15800
 339.842	 15800
 339.844	 15790
 339.846	 15790
 339.849	 15790
 339.851	 15800
 339.853	 15800
 339.856	 15800
 339.858	 15800
 339.861	 15815
 339.863	 15800
 339.865	 15800
 339.868	 15800
 339.870	 15800
 339.872	 15800
 339.875	 15815
 339.877	 15815
 339.879	 15815
 339.882	 15830
 339.884	 15830
 339.886	 15830
 339.889	 15815
 339.891	 15815
 339.893	 15815
 339.896	 15830
 339.898	 15830
 339.900	 15830
 339.903	 15830
 339.905	 15830
 339.907	 15840
 339.910	 15840
 339.912	 15840
 339.914	 15840
 339.917	 15840
 339.919	 15840
 339.921	 15855
 339.924	 15855
 339.926	 15855
 339.929	 15840
 339.931	 15840
 339.933	 15855
 339.936	 15840
 339.938	 15855
 339.940	 15840
 339.943	 15855
 339.945	 15855
 339.947	 15870
 339.950	 15870
 339.952	 15870
 339.954	 15895
 339.957	 15880
 339.959	 15870
 339.961	 15870
 339.964	 15855
 339.966	 15855
 339.968	 15855
 339.971	 15855
 339.973	 15855
 339.975	 15855
 339.978	 15855
 339.980	 15855
 339.982	 15870
 339.985	 15870
 339.987	 15870
 339.989	 15880
 339.992	 15880
 339.994	 15880
 339.996	 15880
 339.999	 15880
 340.001	 15880
 340.004	 15880
 340.006	 15895
 340.008	 15910
 340.011	 15895
 340.013	 15895
 340.015	 15910
 340.018	 15920
 340.020	 15920
 340.022	 15920
 340.025	 15920
 340.027	 15920
 340.029	 15920
 340.032	 15920
 340.034	 15935
 340.036	 15920
 340.039	 15920
 340.041	 15920
 340.043	 15935
 340.046	 15920
 340.048	 15920
 340.050	 15935
 340.053	 15920
 340.055	 15920
 340.057	 15935
 340.060	 15920
 340.062	 15935
 340.064	 15935
 340.067	 15910
 340.069	 15935
 340.072	 15935
 340.074	 15935
 340.076	 15935
 340.079	 15950
 340.081	 15950
 340.083	 15950
 340.086	 15950
 340.088	 15950
 340.090	 15950
 340.093	 15935
 340.095	 15920
 340.097	 15950
 340.100	 15950
 340.102	 15950
 340.104	 15950
 340.107	 15960
 340.109	 15960
 340.111	 15950
 340.114	 15935
 340.116	 15950
 340.118	 15935
 340.121	 15950
 340.123	 15935
 340.125	 15950
 340.128	 15960
 340.130	 15950
 340.132	 15960
 340.135	 15960
 340.137	 15960
 340.139	 15975
 340.142	 15975
 340.144	 15975
 340.147	 15975
 340.149	 15975
 340.151	 15975
 340.154	 15990
 340.156	 16000
 340.158	 16000
 340.161	 15990
 340.163	 16000
 340.165	 16000
 340.168	 16015
 340.170	 16015
 340.172	 16000
 340.175	 16000
 340.177	 16000
 340.179	 15990
 340.182	 15990
 340.184	 16000
 340.186	 16000
 340.189	 15990
 340.191	 15990
 340.193	 15990
 340.196	 15990
 340.198	 15990
 340.200	 15960
 340.203	 15990
 340.205	 15975
 340.207	 16000
 340.210	 15990
 340.212	 16000
 340.215	 15990
 340.217	 16000
 340.219	 16000
 340.222	 16000
 340.224	 16015
 340.226	 15990
 340.229	 16000
 340.231	 16000
 340.233	 16000
 340.236	 15990
 340.238	 15990
 340.240	 15990
 340.243	 15990
 340.245	 15975
 340.247	 16000
 340.250	 15975
 340.252	 15975
 340.254	 15975
 340.257	 15975
 340.259	 15975
 340.261	 15975
 340.264	 15975
 340.266	 15975
 340.268	 15990
 340.271	 15990
 340.273	 16000
 340.275	 16000
 340.278	 16000
 340.280	 15990
 340.282	 16000
 340.285	 16000
 340.287	 16015
 340.290	 16000
 340.292	 16000
 340.294	 16015
 340.297	 16015
 340.299	 16000
 340.301	 16000
 340.304	 16000
 340.306	 16000
 340.308	 16000
 340.311	 16000
 340.313	 16000
 340.315	 16000
 340.318	 16000
 340.320	 16000
 340.322	 16000
 340.325	 16000
 340.327	 16000
 340.329	 16000
 340.332	 16000
 340.334	 16000
 340.336	 16000
 340.339	 16000
 340.341	 16000
 340.343	 16000
 340.346	 16015
 340.348	 16030
 340.350	 16015
 340.353	 16030
 340.355	 16030
 340.358	 16030
 340.360	 16000
 340.362	 16015
 340.365	 16015
 340.367	 16015
 340.369	 16030
 340.372	 16030
 340.374	 16015
 340.376	 16030
 340.379	 16030
 340.381	 16040
 340.383	 16030
 340.386	 16055
 340.388	 16055
 340.390	 16040
 340.393	 16040
 340.395	 16040
 340.397	 16040
 340.400	 16055
 340.402	 16070
 340.404	 16055
 340.407	 16055
 340.409	 16055
 340.411	 16055
 340.414	 16055
 340.416	 16055
 340.418	 16070
 340.421	 16070
 340.423	 16055
 340.425	 16055
 340.428	 16055
 340.430	 16055
 340.433	 16070
 340.435	 16070
 340.437	 16070
 340.440	 16070
 340.442	 16070
 340.444	 16080
 340.447	 16070
 340.449	 16070
 340.451	 16070
 340.454	 16070
 340.456	 16070
 340.458	 16080
 340.461	 16070
 340.463	 16070
 340.465	 16070
 340.468	 16080
 340.470	 16095
 340.472	 16095
 340.475	 16095
 340.477	 16095
 340.479	 16095
 340.482	 16080
 340.484	 16080
 340.486	 16070
 340.489	 16070
 340.491	 16080
 340.493	 16080
 340.496	 16070
 340.498	 16070
 340.501	 16070
 340.503	 16070
 340.505	 16080
 340.508	 16080
 340.510	 16080
 340.512	 16095
 340.515	 16095
 340.517	 16095
 340.519	 16110
 340.522	 16120
 340.524	 16120
 340.526	 16110
 340.529	 16095
 340.531	 16110
 340.533	 16120
 340.536	 16120
 340.538	 16110
 340.540	 16110
 340.543	 16095
 340.545	 16095
 340.547	 16110
 340.550	 16095
 340.552	 16095
 340.554	 16080
 340.557	 16080
 340.559	 16080
 340.561	 16070
 340.564	 16070
 340.566	 16080
 340.569	 16080
 340.571	 16080
 340.573	 16095
 340.576	 16095
 340.578	 16080
 340.580	 16080
 340.583	 16095
 340.585	 16095
 340.587	 16110
 340.590	 16095
 340.592	 16095
 340.594	 16095
 340.597	 16095
 340.599	 16110
 340.601	 16110
 340.604	 16095
 340.606	 16110
 340.608	 16095
 340.611	 16095
 340.613	 16120
 340.615	 16110
 340.618	 16095
 340.620	 16095
 340.622	 16110
 340.625	 16110
 340.627	 16110
 340.629	 16110
 340.632	 16110
 340.634	 16110
 340.636	 16110
 340.639	 16095
 340.641	 16080
 340.644	 16110
 340.646	 16095
 340.648	 16095
 340.651	 16095
 340.653	 16095
 340.655	 16095
 340.658	 16080
 340.660	 16080
 340.662	 16080
 340.665	 16080
 340.667	 16080
 340.669	 16095
 340.672	 16095
 340.674	 16080
 340.676	 16080
 340.679	 16080
 340.681	 16080
 340.683	 16070
 340.686	 16070
 340.688	 16070
 340.690	 16070
 340.693	 16070
 340.695	 16080
 340.697	 16095
 340.700	 16095
 340.702	 16080
 340.704	 16070
 340.707	 16095
 340.709	 16095
 340.712	 16080
 340.714	 16055
 340.716	 16055
 340.719	 16070
 340.721	 16070
 340.723	 16080
 340.726	 16070
 340.728	 16070
 340.730	 16055
 340.733	 16055
 340.735	 16070
 340.737	 16070
 340.740	 16080
 340.742	 16070
 340.744	 16080
 340.747	 16080
 340.749	 16080
 340.751	 16080
 340.754	 16080
 340.756	 16080
 340.758	 16080
 340.761	 16080
 340.763	 16080
 340.765	 16080
 340.768	 16095
 340.770	 16080
 340.772	 16080
 340.775	 16080
 340.777	 16080
 340.779	 16080
 340.782	 16070
 340.784	 16080
 340.787	 16080
 340.789	 16080
 340.791	 16070
 340.794	 16070
 340.796	 16070
 340.798	 16055
 340.801	 16055
 340.803	 16070
 340.805	 16055
 340.808	 16070
 340.810	 16040
 340.812	 16055
 340.815	 16040
 340.817	 16040
 340.819	 16055
 340.822	 16055
 340.824	 16040
 340.826	 16055
 340.829	 16055
 340.831	 16070
 340.833	 16070
 340.836	 16055
 340.838	 16070
 340.840	 16070
 340.843	 16070
 340.845	 16070
 340.847	 16070
 340.850	 16070
 340.852	 16055
 340.855	 16055
 340.857	 16055
 340.859	 16055
 340.862	 16055
 340.864	 16040
 340.866	 16040
 340.869	 16040
 340.871	 16055
 340.873	 16070
 340.876	 16070
 340.878	 16070
 340.880	 16070
 340.883	 16070
 340.885	 16080
 340.887	 16080
 340.890	 16080
 340.892	 16080
 340.894	 16080
 340.897	 16080
 340.899	 16080
 340.901	 16080
 340.904	 16080
 340.906	 16070
 340.908	 16070
 340.911	 16055
 340.913	 16055
 340.915	 16055
 340.918	 16055
 340.920	 16055
 340.922	 16070
 340.925	 16070
 340.927	 16070
 340.930	 16055
 340.932	 16080
 340.934	 16055
 340.937	 16070
 340.939	 16070
 340.941	 16070
 340.944	 16055
 340.946	 16055
 340.948	 16055
 340.951	 16070
 340.953	 16070
 340.955	 16070
 340.958	 16070
 340.960	 16070
 340.962	 16055
 340.965	 16070
 340.967	 16070
 340.969	 16080
 340.972	 16070
 340.974	 16070
 340.976	 16070
 340.979	 16070
 340.981	 16055
 340.983	 16055
 340.986	 16080
 340.988	 16070
 340.990	 16070
 340.993	 16070
 340.995	 16080
 340.998	 16080
 341.000	 16070
 341.002	 16055
 341.005	 16055
 341.007	 16055
 341.009	 16055
 341.012	 16055
 341.014	 16055
 341.016	 16055
 341.019	 16070
 341.021	 16055
 341.023	 16055
 341.026	 16070
 341.028	 16040
 341.030	 16055
 341.033	 16070
 341.035	 16055
 341.037	 16055
 341.040	 16040
 341.042	 16055
 341.044	 16070
 341.047	 16070
 341.049	 16070
 341.051	 16070
 341.054	 16070
 341.056	 16080
 341.058	 16070
 341.061	 16070
 341.063	 16080
 341.065	 16080
 341.068	 16080
 341.070	 16070
 341.073	 16080
 341.075	 16070
 341.077	 16070
 341.080	 16070
 341.082	 16080
 341.084	 16080
 341.087	 16080
 341.089	 16070
 341.091	 16070
 341.094	 16070
 341.096	 16070
 341.098	 16070
 341.101	 16080
 341.103	 16080
 341.105	 16070
 341.108	 16070
 341.110	 16070
 341.112	 16070
 341.115	 16055
 341.117	 16055
 341.119	 16070
 341.122	 16055
 341.124	 16055
 341.126	 16055
 341.129	 16055
 341.131	 16070
 341.133	 16070
 341.136	 16070
 341.138	 16070
 341.141	 16070
 341.143	 16080
 341.145	 16080
 341.148	 16080
 341.150	 16080
 341.152	 16070
 341.155	 16070
 341.157	 16080
 341.159	 16095
 341.162	 16095
 341.164	 16095
 341.166	 16095
 341.169	 16095
 341.171	 16095
 341.173	 16095
 341.176	 16095
 341.178	 16095
 341.180	 16080
 341.183	 16095
 341.185	 16095
 341.187	 16095
 341.190	 16095
 341.192	 16095
 341.194	 16095
 341.197	 16095
 341.199	 16095
 341.201	 16095
 341.204	 16095
 341.206	 16095
 341.209	 16095
 341.211	 16095
 341.213	 16095
 341.216	 16110
 341.218	 16080
 341.220	 16080
 341.223	 16080
 341.225	 16080
 341.227	 16080
 341.230	 16070
 341.232	 16070
 341.234	 16070
 341.237	 16080
 341.239	 16055
 341.241	 16070
 341.244	 16055
 341.246	 16070
 341.248	 16055
 341.251	 16070
 341.253	 16070
 341.255	 16070
 341.258	 16070
 341.260	 16070
 341.262	 16080
 341.265	 16080
 341.267	 16080
 341.269	 16080
 341.272	 16080
 341.274	 16080
 341.276	 16080
 341.279	 16080
 341.281	 16080
 341.284	 16070
 341.286	 16070
 341.288	 16080
 341.291	 16080
 341.293	 16080
 341.295	 16080
 341.298	 16080
 341.300	 16080
 341.302	 16070
 341.305	 16070
 341.307	 16070
 341.309	 16070
 341.312	 16070
 341.314	 16070
 341.316	 16070
 341.319	 16070
 341.321	 16070
 341.323	 16070
 341.326	 16070
 341.328	 16080
 341.330	 16070
 341.333	 16070
 341.335	 16070
 341.337	 16070
 341.340	 16070
 341.342	 16070
 341.344	 16080
 341.347	 16070
 341.349	 16070
 341.352	 16080
 341.354	 16070
 341.356	 16070
 341.359	 16080
 341.361	 16080
 341.363	 16070
 341.366	 16070
 341.368	 16070
 341.370	 16070
 341.373	 16070
 341.375	 16080
 341.377	 16070
 341.380	 16080
 341.382	 16080
 341.384	 16080
 341.387	 16080
 341.389	 16080
 341.391	 16080
 341.394	 16080
 341.396	 16080
 341.398	 16095
 341.401	 16080
 341.403	 16080
 341.405	 16095
 341.408	 16095
 341.410	 16095
 341.412	 16095
 341.415	 16080
 341.417	 16080
 341.419	 16080
 341.422	 16080
 341.424	 16080
 341.427	 16070
 341.429	 16080
 341.431	 16080
 341.434	 16070
 341.436	 16070
 341.438	 16070
 341.441	 16070
 341.443	 16080
 341.445	 16070
 341.448	 16070
 341.450	 16070
 341.452	 16070
 341.455	 16070
 341.457	 16080
 341.459	 16070
 341.462	 16080
 341.464	 16070
 341.466	 16070
 341.469	 16070
 341.471	 16055
 341.473	 16070
 341.476	 16070
 341.478	 16070
 341.480	 16070
 341.483	 16070
 341.485	 16070
 341.487	 16070
 341.490	 16055
 341.492	 16055
 341.495	 16070
 341.497	 16070
 341.499	 16070
 341.502	 16055
 341.504	 16055
 341.506	 16055
 341.509	 16055
 341.511	 16055
 341.513	 16070
 341.516	 16055
 341.518	 16070
 341.520	 16070
 341.523	 16070
 341.525	 16055
 341.527	 16070
 341.530	 16070
 341.532	 16080
 341.534	 16080
 341.537	 16080
 341.539	 16070
 341.541	 16070
 341.544	 16070
 341.546	 16070
 341.548	 16070
 341.551	 16055
 341.553	 16070
 341.555	 16055
 341.558	 16070
 341.560	 16070
 341.562	 16070
 341.565	 16070
 341.567	 16070
 341.570	 16070
 341.572	 16070
 341.574	 16070
 341.577	 16070
 341.579	 16055
 341.581	 16070
 341.584	 16070
 341.586	 16070
 341.588	 16070
 341.591	 16055
 341.593	 16055
 341.595	 16070
 341.598	 16055
 341.600	 16055
