field	2.spe
 332.000	
 332.002	 16150
 332.005	 16150
 332.007	 16150
 332.009	 16150
 332.012	 16150
 332.014	 16150
 332.016	 16160
 332.019	 16150
 332.021	 16135
 332.023	 16135
 332.026	 16135
 332.028	 16120
 332.030	 16120
 332.033	 16120
 332.035	 16135
 332.038	 16150
 332.040	 16150
 332.042	 16150
 332.045	 16150
 332.047	 16150
 332.049	 16150
 332.052	 16120
 332.054	 16120
 332.056	 16120
 332.059	 16120
 332.061	 16120
 332.063	 16110
 332.066	 16110
 332.068	 16095
 332.070	 16095
 332.073	 16120
 332.075	 16135
 332.077	 16135
 332.080	 16150
 332.082	 16150
 332.084	 16150
 332.087	 16150
 332.089	 16150
 332.091	 16150
 332.094	 16150
 332.096	 16135
 332.098	 16150
 332.101	 16150
 332.103	 16150
 332.105	 16135
 332.108	 16150
 332.110	 16150
 332.113	 16135
 332.115	 16120
 332.117	 16120
 332.120	 16120
 332.122	 16120
 332.124	 16110
 332.127	 16120
 332.129	 16120
 332.131	 16120
 332.134	 16120
 332.136	 16135
 332.138	 16120
 332.141	 16120
 332.143	 16135
 332.145	 16135
 332.148	 16120
 332.150	 16120
 332.152	 16120
 332.155	 16120
 332.157	 16120
 332.159	 16120
 332.162	 16110
 332.164	 16110
 332.166	 16120
 332.169	 16120
 332.171	 16120
 332.173	 16135
 332.176	 16135
 332.178	 16135
 332.181	 16135
 332.183	 16135
 332.185	 16135
 332.188	 16135
 332.190	 16135
 332.192	 16135
 332.195	 16135
 332.197	 16135
 332.199	 16135
 332.202	 16120
 332.204	 16135
 332.206	 16120
 332.209	 16110
 332.211	 16120
 332.213	 16120
 332.216	 16120
 332.218	 16135
 332.220	 16120
 332.223	 16150
 332.225	 16150
 332.227	 16150
 332.230	 16150
 332.232	 16150
 332.234	 16120
 332.237	 16110
 332.239	 16110
 332.241	 16110
 332.244	 16110
 332.246	 16110
 332.249	 16110
 332.251	 16120
 332.253	 16120
 332.256	 16120
 332.258	 16120
 332.260	 16120
 332.263	 16120
 332.265	 16120
 332.267	 16135
 332.270	 16150
 332.272	 16135
 332.274	 16135
 332.277	 16150
 332.279	 16135
 332.281	 16120
 332.284	 16135
 332.286	 16120
 332.288	 16120
 332.291	 16135
 332.293	 16150
 332.295	 16150
 332.298	 16135
 332.300	 16135
 332.302	 16120
 332.305	 16120
 332.307	 16120
 332.309	 16135
 332.312	 16120
 332.314	 16135
 332.316	 16135
 332.319	 16135
 332.321	 16120
 332.324	 16135
 332.326	 16120
 332.328	 16120
 332.331	 16120
 332.333	 16120
 332.335	 16110
 332.338	 16120
 332.340	 16110
 332.342	 16120
 332.345	 16110
 332.347	 16120
 332.349	 16110
 332.352	 16110
 332.354	 16110
 332.356	 16110
 332.359	 16095
 332.361	 16110
 332.363	 16095
 332.366	 16095
 332.368	 16110
 332.370	 16110
 332.373	 16095
 332.375	 16110
 332.377	 16110
 332.380	 16110
 332.382	 16120
 332.384	 16120
 332.387	 16135
 332.389	 16110
 332.392	 16110
 332.394	 16110
 332.396	 16120
 332.399	 16110
 332.401	 16110
 332.403	 16120
 332.406	 16120
 332.408	 16120
 332.410	 16120
 332.413	 16120
 332.415	 16135
 332.417	 16135
 332.420	 16120
 332.422	 16120
 332.424	 16135
 332.427	 16135
 332.429	 16120
 332.431	 16120
 332.434	 16135
 332.436	 16120
 332.438	 16120
 332.441	 16120
 332.443	 16120
 332.445	 16135
 332.448	 16135
 332.450	 16135
 332.452	 16135
 332.455	 16150
 332.457	 16150
 332.459	 16150
 332.462	 16150
 332.464	 16160
 332.467	 16150
 332.469	 16160
 332.471	 16160
 332.474	 16150
 332.476	 16135
 332.478	 16150
 332.481	 16135
 332.483	 16150
 332.485	 16175
 332.488	 16160
 332.490	 16150
 332.492	 16150
 332.495	 16175
 332.497	 16175
 332.499	 16175
 332.502	 16160
 332.504	 16160
 332.506	 16135
 332.509	 16150
 332.511	 16135
 332.513	 16135
 332.516	 16135
 332.518	 16150
 332.520	 16135
 332.523	 16135
 332.525	 16135
 332.527	 16160
 332.530	 16150
 332.532	 16150
 332.535	 16135
 332.537	 16150
 332.539	 16150
 332.542	 16150
 332.544	 16150
 332.546	 16160
 332.549	 16160
 332.551	 16160
 332.553	 16160
 332.556	 16150
 332.558	 16175
 332.560	 16150
 332.563	 16175
 332.565	 16175
 332.567	 16175
 332.570	 16175
 332.572	 16160
 332.574	 16160
 332.577	 16160
 332.579	 16160
 332.581	 16175
 332.584	 16175
 332.586	 16175
 332.588	 16175
 332.591	 16175
 332.593	 16175
 332.595	 16175
 332.598	 16175
 332.600	 16175
 332.602	 16175
 332.605	 16175
 332.607	 16175
 332.610	 16175
 332.612	 16160
 332.614	 16160
 332.617	 16160
 332.619	 16160
 332.621	 16160
 332.624	 16160
 332.626	 16175
 332.628	 16175
 332.631	 16160
 332.633	 16175
 332.635	 16175
 332.638	 16175
 332.640	 16175
 332.642	 16175
 332.645	 16175
 332.647	 16175
 332.649	 16175
 332.652	 16175
 332.654	 16175
 332.656	 16175
 332.659	 16175
 332.661	 16175
 332.663	 16175
 332.666	 16160
 332.668	 16160
 332.670	 16160
 332.673	 16160
 332.675	 16160
 332.678	 16175
 332.680	 16175
 332.682	 16175
 332.685	 16175
 332.687	 16190
 332.689	 16175
 332.692	 16190
 332.694	 16200
 332.696	 16190
 332.699	 16190
 332.701	 16175
 332.703	 16190
 332.706	 16190
 332.708	 16190
 332.710	 16190
 332.713	 16160
 332.715	 16175
 332.717	 16175
 332.720	 16150
 332.722	 16150
 332.724	 16150
 332.727	 16150
 332.729	 16150
 332.731	 16150
 332.734	 16150
 332.736	 16160
 332.738	 16175
 332.741	 16175
 332.743	 16160
 332.745	 16175
 332.748	 16160
 332.750	 16160
 332.753	 16175
 332.755	 16175
 332.757	 16160
 332.760	 16160
 332.762	 16160
 332.764	 16150
 332.767	 16160
 332.769	 16160
 332.771	 16175
 332.774	 16175
 332.776	 16175
 332.778	 16160
 332.781	 16160
 332.783	 16160
 332.785	 16160
 332.788	 16160
 332.790	 16160
 332.792	 16160
 332.795	 16175
 332.797	 16175
 332.799	 16175
 332.802	 16175
 332.804	 16190
 332.806	 16175
 332.809	 16190
 332.811	 16175
 332.813	 16175
 332.816	 16175
 332.818	 16175
 332.821	 16190
 332.823	 16190
 332.825	 16190
 332.828	 16175
 332.830	 16175
 332.832	 16190
 332.835	 16190
 332.837	 16190
 332.839	 16175
 332.842	 16190
 332.844	 16175
 332.846	 16190
 332.849	 16175
 332.851	 16175
 332.853	 16190
 332.856	 16190
 332.858	 16175
 332.860	 16175
 332.863	 16175
 332.865	 16175
 332.867	 16175
 332.870	 16175
 332.872	 16190
 332.874	 16175
 332.877	 16175
 332.879	 16175
 332.881	 16175
 332.884	 16175
 332.886	 16175
 332.889	 16175
 332.891	 16175
 332.893	 16190
 332.896	 16190
 332.898	 16190
 332.900	 16190
 332.903	 16190
 332.905	 16175
 332.907	 16190
 332.910	 16190
 332.912	 16175
 332.914	 16175
 332.917	 16190
 332.919	 16190
 332.921	 16175
 332.924	 16160
 332.926	 16160
 332.928	 16175
 332.931	 16175
 332.933	 16175
 332.935	 16160
 332.938	 16175
 332.940	 16175
 332.942	 16175
 332.945	 16175
 332.947	 16175
 332.949	 16175
 332.952	 16190
 332.954	 16190
 332.956	 16190
 332.959	 16175
 332.961	 16190
 332.964	 16190
 332.966	 16190
 332.968	 16190
 332.971	 16190
 332.973	 16190
 332.975	 16190
 332.978	 16175
 332.980	 16175
 332.982	 16190
 332.985	 16190
 332.987	 16200
 332.989	 16190
 332.992	 16190
 332.994	 16190
 332.996	 16190
 332.999	 16200
 333.001	 16190
 333.003	 16200
 333.006	 16190
 333.008	 16190
 333.010	 16190
 333.013	 16190
 333.015	 16190
 333.017	 16190
 333.020	 16190
 333.022	 16190
 333.024	 16190
 333.027	 16190
 333.029	 16190
 333.032	 16190
 333.034	 16190
 333.036	 16175
 333.039	 16175
 333.041	 16175
 333.043	 16190
 333.046	 16190
 333.048	 16190
 333.050	 16190
 333.053	 16190
 333.055	 16175
 333.057	 16190
 333.060	 16150
 333.062	 16160
 333.064	 16160
 333.067	 16160
 333.069	 16160
 333.071	 16160
 333.074	 16175
 333.076	 16175
 333.078	 16175
 333.081	 16175
 333.083	 16175
 333.085	 16175
 333.088	 16175
 333.090	 16190
 333.092	 16190
 333.095	 16190
 333.097	 16190
 333.099	 16175
 333.102	 16175
 333.104	 16175
 333.107	 16175
 333.109	 16175
 333.111	 16160
 333.114	 16175
 333.116	 16175
 333.118	 16175
 333.121	 16175
 333.123	 16175
 333.125	 16160
 333.128	 16160
 333.130	 16150
 333.132	 16135
 333.135	 16150
 333.137	 16150
 333.139	 16160
 333.142	 16175
 333.144	 16175
 333.146	 16175
 333.149	 16150
 333.151	 16160
 333.153	 16150
 333.156	 16150
 333.158	 16160
 333.160	 16160
 333.163	 16160
 333.165	 16160
 333.167	 16175
 333.170	 16175
 333.172	 16160
 333.175	 16160
 333.177	 16175
 333.179	 16175
 333.182	 16175
 333.184	 16190
 333.186	 16175
 333.189	 16190
 333.191	 16190
 333.193	 16190
 333.196	 16190
 333.198	 16190
 333.200	 16190
 333.203	 16175
 333.205	 16175
 333.207	 16190
 333.210	 16190
 333.212	 16190
 333.214	 16190
 333.217	 16175
 333.219	 16175
 333.221	 16190
 333.224	 16190
 333.226	 16190
 333.228	 16190
 333.231	 16190
 333.233	 16190
 333.235	 16200
 333.238	 16230
 333.240	 16230
 333.242	 16200
 333.245	 16215
 333.247	 16200
 333.250	 16200
 333.252	 16200
 333.254	 16230
 333.257	 16200
 333.259	 16200
 333.261	 16200
 333.264	 16200
 333.266	 16190
 333.268	 16190
 333.271	 16190
 333.273	 16190
 333.275	 16190
 333.278	 16190
 333.280	 16190
 333.282	 16200
 333.285	 16200
 333.287	 16200
 333.289	 16200
 333.292	 16200
 333.294	 16215
 333.296	 16200
 333.299	 16190
 333.301	 16200
 333.303	 16190
 333.306	 16190
 333.308	 16175
 333.310	 16175
 333.313	 16190
 333.315	 16190
 333.318	 16200
 333.320	 16200
 333.322	 16200
 333.325	 16190
 333.327	 16200
 333.329	 16200
 333.332	 16190
 333.334	 16190
 333.336	 16200
 333.339	 16190
 333.341	 16215
 333.343	 16215
 333.346	 16215
 333.348	 16215
 333.350	 16200
 333.353	 16215
 333.355	 16215
 333.357	 16230
 333.360	 16230
 333.362	 16230
 333.364	 16215
 333.367	 16215
 333.369	 16200
 333.371	 16200
 333.374	 16200
 333.376	 16200
 333.378	 16215
 333.381	 16200
 333.383	 16215
 333.385	 16215
 333.388	 16200
 333.390	 16200
 333.393	 16200
 333.395	 16200
 333.397	 16215
 333.400	 16215
 333.402	 16200
 333.404	 16200
 333.407	 16200
 333.409	 16200
 333.411	 16200
 333.414	 16200
 333.416	 16200
 333.418	 16200
 333.421	 16215
 333.423	 16215
 333.425	 16215
 333.428	 16200
 333.430	 16190
 333.432	 16190
 333.435	 16190
 333.437	 16215
 333.439	 16215
 333.442	 16215
 333.444	 16215
 333.446	 16215
 333.449	 16200
 333.451	 16215
 333.453	 16230
 333.456	 16215
 333.458	 16215
 333.461	 16215
 333.463	 16200
 333.465	 16200
 333.468	 16200
 333.470	 16215
 333.472	 16200
 333.475	 16200
 333.477	 16200
 333.479	 16190
 333.482	 16190
 333.484	 16190
 333.486	 16200
 333.489	 16200
 333.491	 16200
 333.493	 16190
 333.496	 16190
 333.498	 16175
 333.500	 16190
 333.503	 16190
 333.505	 16190
 333.507	 16190
 333.510	 16190
 333.512	 16190
 333.514	 16190
 333.517	 16190
 333.519	 16200
 333.521	 16200
 333.524	 16200
 333.526	 16200
 333.529	 16200
 333.531	 16200
 333.533	 16190
 333.536	 16190
 333.538	 16190
 333.540	 16190
 333.543	 16200
 333.545	 16200
 333.547	 16200
 333.550	 16200
 333.552	 16200
 333.554	 16200
 333.557	 16190
 333.559	 16190
 333.561	 16200
 333.564	 16190
 333.566	 16190
 333.568	 16190
 333.571	 16190
 333.573	 16190
 333.575	 16190
 333.578	 16200
 333.580	 16200
 333.582	 16215
 333.585	 16215
 333.587	 16190
 333.589	 16215
 333.592	 16215
 333.594	 16215
 333.596	 16200
 333.599	 16215
 333.601	 16200
 333.604	 16200
 333.606	 16200
 333.608	 16200
 333.611	 16190
 333.613	 16215
 333.615	 16200
 333.618	 16215
 333.620	 16215
 333.622	 16215
 333.625	 16215
 333.627	 16215
 333.629	 16215
 333.632	 16215
 333.634	 16215
 333.636	 16215
 333.639	 16215
 333.641	 16215
 333.643	 16215
 333.646	 16215
 333.648	 16215
 333.650	 16215
 333.653	 16215
 333.655	 16230
 333.657	 16240
 333.660	 16240
 333.662	 16230
 333.664	 16230
 333.667	 16230
 333.669	 16230
 333.672	 16230
 333.674	 16240
 333.676	 16215
 333.679	 16230
 333.681	 16230
 333.683	 16230
 333.686	 16215
 333.688	 16215
 333.690	 16230
 333.693	 16240
 333.695	 16230
 333.697	 16240
 333.700	 16240
 333.702	 16240
 333.704	 16240
 333.707	 16240
 333.709	 16230
 333.711	 16230
 333.714	 16230
 333.716	 16230
 333.718	 16230
 333.721	 16230
 333.723	 16230
 333.725	 16230
 333.728	 16240
 333.730	 16230
 333.732	 16230
 333.735	 16230
 333.737	 16230
 333.739	 16230
 333.742	 16230
 333.744	 16215
 333.747	 16215
 333.749	 16215
 333.751	 16215
 333.754	 16230
 333.756	 16240
 333.758	 16240
 333.761	 16240
 333.763	 16230
 333.765	 16240
 333.768	 16240
 333.770	 16240
 333.772	 16240
 333.775	 16230
 333.777	 16240
 333.779	 16240
 333.782	 16240
 333.784	 16240
 333.786	 16240
 333.789	 16240
 333.791	 16240
 333.793	 16240
 333.796	 16240
 333.798	 16230
 333.800	 16230
 333.803	 16230
 333.805	 16230
 333.807	 16230
 333.810	 16240
 333.812	 16240
 333.815	 16230
 333.817	 16230
 333.819	 16230
 333.822	 16240
 333.824	 16240
 333.826	 16230
 333.829	 16240
 333.831	 16270
 333.833	 16270
 333.836	 16255
 333.838	 16255
 333.840	 16255
 333.843	 16255
 333.845	 16255
 333.847	 16240
 333.850	 16255
 333.852	 16255
 333.854	 16255
 333.857	 16240
 333.859	 16270
 333.861	 16255
 333.864	 16270
 333.866	 16255
 333.868	 16255
 333.871	 16270
 333.873	 16255
 333.875	 16240
 333.878	 16240
 333.880	 16255
 333.882	 16240
 333.885	 16240
 333.887	 16240
 333.890	 16240
 333.892	 16230
 333.894	 16240
 333.897	 16230
 333.899	 16240
 333.901	 16230
 333.904	 16240
 333.906	 16240
 333.908	 16240
 333.911	 16240
 333.913	 16240
 333.915	 16240
 333.918	 16240
 333.920	 16255
 333.922	 16270
 333.925	 16270
 333.927	 16270
 333.929	 16270
 333.932	 16270
 333.934	 16280
 333.936	 16280
 333.939	 16270
 333.941	 16270
 333.943	 16280
 333.946	 16270
 333.948	 16270
 333.950	 16270
 333.953	 16270
 333.955	 16270
 333.958	 16280
 333.960	 16280
 333.962	 16295
 333.965	 16270
 333.967	 16280
 333.969	 16280
 333.972	 16280
 333.974	 16280
 333.976	 16280
 333.979	 16255
 333.981	 16255
 333.983	 16255
 333.986	 16255
 333.988	 16240
 333.990	 16240
 333.993	 16240
 333.995	 16240
 333.997	 16240
 334.000	 16230
 334.002	 16230
 334.004	 16230
 334.007	 16230
 334.009	 16230
 334.011	 16240
 334.014	 16240
 334.016	 16240
 334.018	 16240
 334.021	 16230
 334.023	 16255
 334.025	 16255
 334.028	 16255
 334.030	 16255
 334.033	 16270
 334.035	 16270
 334.037	 16270
 334.040	 16270
 334.042	 16280
 334.044	 16280
 334.047	 16280
 334.049	 16270
 334.051	 16295
 334.054	 16295
 334.056	 16295
 334.058	 16295
 334.061	 16280
 334.063	 16295
 334.065	 16280
 334.068	 16280
 334.070	 16295
 334.072	 16310
 334.075	 16295
 334.077	 16310
 334.079	 16295
 334.082	 16295
 334.084	 16295
 334.086	 16295
 334.089	 16295
 334.091	 16295
 334.093	 16310
 334.096	 16310
 334.098	 16310
 334.101	 16310
 334.103	 16310
 334.105	 16310
 334.108	 16310
 334.110	 16310
 334.112	 16310
 334.115	 16310
 334.117	 16310
 334.119	 16320
 334.122	 16320
 334.124	 16320
 334.126	 16320
 334.129	 16335
 334.131	 16320
 334.133	 16320
 334.136	 16320
 334.138	 16320
 334.140	 16320
 334.143	 16320
 334.145	 16320
 334.147	 16320
 334.150	 16320
 334.152	 16310
 334.154	 16335
 334.157	 16320
 334.159	 16335
 334.161	 16350
 334.164	 16350
 334.166	 16335
 334.169	 16310
 334.171	 16320
 334.173	 16335
 334.176	 16320
 334.178	 16320
 334.180	 16320
 334.183	 16335
 334.185	 16335
 334.187	 16350
 334.190	 16360
 334.192	 16360
 334.194	 16360
 334.197	 16360
 334.199	 16360
 334.201	 16360
 334.204	 16360
 334.206	 16375
 334.208	 16375
 334.211	 16375
 334.213	 16360
 334.215	 16375
 334.218	 16360
 334.220	 16360
 334.222	 16360
 334.225	 16360
 334.227	 16375
 334.229	 16375
 334.232	 16390
 334.234	 16375
 334.236	 16390
 334.239	 16390
 334.241	 16390
 334.244	 16390
 334.246	 16390
 334.248	 16400
 334.251	 16400
 334.253	 16415
 334.255	 16415
 334.258	 16415
 334.260	 16415
 334.262	 16430
 334.265	 16415
 334.267	 16400
 334.269	 16400
 334.272	 16400
 334.274	 16400
 334.276	 16400
 334.279	 16390
 334.281	 16390
 334.283	 16390
 334.286	 16390
 334.288	 16400
 334.290	 16415
 334.293	 16400
 334.295	 16400
 334.297	 16415
 334.300	 16415
 334.302	 16430
 334.304	 16430
 334.307	 16440
 334.309	 16440
 334.312	 16455
 334.314	 16440
 334.316	 16440
 334.319	 16455
 334.321	 16440
 334.323	 16440
 334.326	 16455
 334.328	 16455
 334.330	 16455
 334.333	 16470
 334.335	 16470
 334.337	 16470
 334.340	 16480
 334.342	 16470
 334.344	 16455
 334.347	 16480
 334.349	 16470
 334.351	 16470
 334.354	 16480
 334.356	 16480
 334.358	 16480
 334.361	 16480
 334.363	 16495
 334.365	 16510
 334.368	 16510
 334.370	 16495
 334.372	 16510
 334.375	 16510
 334.377	 16510
 334.379	 16520
 334.382	 16520
 334.384	 16520
 334.387	 16535
 334.389	 16535
 334.391	 16535
 334.394	 16550
 334.396	 16560
 334.398	 16550
 334.401	 16550
 334.403	 16550
 334.405	 16550
 334.408	 16550
 334.410	 16560
 334.412	 16550
 334.415	 16560
 334.417	 16560
 334.419	 16560
 334.422	 16590
 334.424	 16575
 334.426	 16575
 334.429	 16575
 334.431	 16590
 334.433	 16590
 334.436	 16590
 334.438	 16590
 334.440	 16590
 334.443	 16590
 334.445	 16600
 334.447	 16630
 334.450	 16630
 334.452	 16615
 334.455	 16630
 334.457	 16615
 334.459	 16630
 334.462	 16630
 334.464	 16630
 334.466	 16630
 334.469	 16630
 334.471	 16640
 334.473	 16655
 334.476	 16655
 334.478	 16655
 334.480	 16655
 334.483	 16655
 334.485	 16670
 334.487	 16670
 334.490	 16680
 334.492	 16680
 334.494	 16680
 334.497	 16680
 334.499	 16695
 334.501	 16680
 334.504	 16695
 334.506	 16710
 334.508	 16710
 334.511	 16710
 334.513	 16710
 334.515	 16710
 334.518	 16720
 334.520	 16735
 334.522	 16735
 334.525	 16735
 334.527	 16750
 334.530	 16750
 334.532	 16735
 334.534	 16735
 334.537	 16735
 334.539	 16760
 334.541	 16750
 334.544	 16760
 334.546	 16750
 334.548	 16750
 334.551	 16750
 334.553	 16775
 334.555	 16775
 334.558	 16775
 334.560	 16775
 334.562	 16800
 334.565	 16800
 334.567	 16800
 334.569	 16830
 334.572	 16800
 334.574	 16800
 334.576	 16800
 334.579	 16800
 334.581	 16815
 334.583	 16840
 334.586	 16840
 334.588	 16840
 334.590	 16840
 334.593	 16840
 334.595	 16840
 334.598	 16855
 334.600	 16855
 334.602	 16870
 334.605	 16880
 334.607	 16895
 334.609	 16895
 334.612	 16895
 334.614	 16895
 334.616	 16920
 334.619	 16920
 334.621	 16920
 334.623	 16920
 334.626	 16920
 334.628	 16920
 334.630	 16920
 334.633	 16935
 334.635	 16960
 334.637	 16960
 334.640	 16960
 334.642	 16960
 334.644	 16960
 334.647	 16975
 334.649	 16975
 334.651	 16975
 334.654	 16975
 334.656	 16975
 334.658	 16990
 334.661	 17000
 334.663	 17000
 334.665	 17015
 334.668	 17015
 334.670	 17030
 334.673	 17040
 334.675	 17040
 334.677	 17040
 334.680	 17055
 334.682	 17070
 334.684	 17070
 334.687	 17080
 334.689	 17095
 334.691	 17095
 334.694	 17110
 334.696	 17110
 334.698	 17120
 334.701	 17135
 334.703	 17135
 334.705	 17135
 334.708	 17160
 334.710	 17175
 334.712	 17175
 334.715	 17190
 334.717	 17200
 334.719	 17200
 334.722	 17190
 334.724	 17200
 334.726	 17200
 334.729	 17200
 334.731	 17200
 334.733	 17230
 334.736	 17230
 334.738	 17230
 334.741	 17240
 334.743	 17240
 334.745	 17255
 334.748	 17255
 334.750	 17255
 334.752	 17255
 334.755	 17255
 334.757	 17255
 334.759	 17255
 334.762	 17270
 334.764	 17280
 334.766	 17280
 334.769	 17280
 334.771	 17280
 334.773	 17310
 334.776	 17295
 334.778	 17295
 334.780	 17295
 334.783	 17310
 334.785	 17335
 334.787	 17320
 334.790	 17320
 334.792	 17350
 334.794	 17350
 334.797	 17360
 334.799	 17360
 334.801	 17360
 334.804	 17375
 334.806	 17375
 334.809	 17375
 334.811	 17360
 334.813	 17375
 334.816	 17400
 334.818	 17400
 334.820	 17400
 334.823	 17415
 334.825	 17415
 334.827	 17400
 334.830	 17430
 334.832	 17430
 334.834	 17430
 334.837	 17455
 334.839	 17455
 334.841	 17455
 334.844	 17470
 334.846	 17470
 334.848	 17480
 334.851	 17495
 334.853	 17510
 334.855	 17495
 334.858	 17495
 334.860	 17495
 334.862	 17510
 334.865	 17520
 334.867	 17520
 334.869	 17535
 334.872	 17535
 334.874	 17535
 334.876	 17550
 334.879	 17550
 334.881	 17560
 334.884	 17550
 334.886	 17575
 334.888	 17590
 334.891	 17590
 334.893	 17590
 334.895	 17590
 334.898	 17590
 334.900	 17575
 334.902	 17590
 334.905	 17575
 334.907	 17575
 334.909	 17590
 334.912	 17615
 334.914	 17615
 334.916	 17615
 334.919	 17615
 334.921	 17630
 334.923	 17655
 334.926	 17655
 334.928	 17655
 334.930	 17655
 334.933	 17655
 334.935	 17655
 334.937	 17655
 334.940	 17655
 334.942	 17655
 334.944	 17670
 334.947	 17670
 334.949	 17670
 334.952	 17695
 334.954	 17710
 334.956	 17710
 334.959	 17710
 334.961	 17710
 334.963	 17710
 334.966	 17710
 334.968	 17710
 334.970	 17710
 334.973	 17710
 334.975	 17710
 334.977	 17710
 334.980	 17710
 334.982	 17710
 334.984	 17720
 334.987	 17720
 334.989	 17720
 334.991	 17720
 334.994	 17710
 334.996	 17710
 334.998	 17680
 335.001	 17695
 335.003	 17695
 335.005	 17710
 335.008	 17710
 335.010	 17720
 335.012	 17720
 335.015	 17720
 335.017	 17720
 335.019	 17710
 335.022	 17695
 335.024	 17710
 335.027	 17720
 335.029	 17720
 335.031	 17720
 335.034	 17720
 335.036	 17720
 335.038	 17720
 335.041	 17720
 335.043	 17710
 335.045	 17710
 335.048	 17695
 335.050	 17680
 335.052	 17695
 335.055	 17695
 335.057	 17695
 335.059	 17695
 335.062	 17695
 335.064	 17695
 335.066	 17695
 335.069	 17680
 335.071	 17670
 335.073	 17670
 335.076	 17680
 335.078	 17655
 335.080	 17655
 335.083	 17655
 335.085	 17655
 335.087	 17655
 335.090	 17655
 335.092	 17655
 335.095	 17640
 335.097	 17655
 335.099	 17630
 335.102	 17640
 335.104	 17630
 335.106	 17640
 335.109	 17630
 335.111	 17600
 335.113	 17615
 335.116	 17615
 335.118	 17615
 335.120	 17600
 335.123	 17590
 335.125	 17590
 335.127	 17575
 335.130	 17575
 335.132	 17560
 335.134	 17550
 335.137	 17550
 335.139	 17535
 335.141	 17535
 335.144	 17535
 335.146	 17510
 335.148	 17520
 335.151	 17520
 335.153	 17510
 335.155	 17520
 335.158	 17495
 335.160	 17495
 335.162	 17495
 335.165	 17480
 335.167	 17470
 335.170	 17470
 335.172	 17470
 335.174	 17470
 335.177	 17440
 335.179	 17430
 335.181	 17415
 335.184	 17400
 335.186	 17400
 335.188	 17375
 335.191	 17375
 335.193	 17360
 335.195	 17360
 335.198	 17350
 335.200	 17350
 335.202	 17350
 335.205	 17335
 335.207	 17335
 335.209	 17335
 335.212	 17320
 335.214	 17295
 335.216	 17280
 335.219	 17280
 335.221	 17270
 335.223	 17240
 335.226	 17240
 335.228	 17240
 335.230	 17230
 335.233	 17215
 335.235	 17200
 335.238	 17200
 335.240	 17200
 335.242	 17175
 335.245	 17175
 335.247	 17175
 335.249	 17175
 335.252	 17160
 335.254	 17150
 335.256	 17150
 335.259	 17135
 335.261	 17135
 335.263	 17135
 335.266	 17120
 335.268	 17120
 335.270	 17110
 335.273	 17110
 335.275	 17095
 335.277	 17095
 335.280	 17080
 335.282	 17080
 335.284	 17070
 335.287	 17055
 335.289	 17030
 335.291	 17030
 335.294	 17030
 335.296	 17015
 335.298	 17015
 335.301	 17000
 335.303	 17000
 335.305	 16990
 335.308	 16975
 335.310	 16975
 335.313	 16975
 335.315	 16960
 335.317	 16960
 335.320	 16935
 335.322	 16935
 335.324	 16920
 335.327	 16920
 335.329	 16910
 335.331	 16910
 335.334	 16920
 335.336	 16920
 335.338	 16895
 335.341	 16895
 335.343	 16880
 335.345	 16870
 335.348	 16880
 335.350	 16840
 335.352	 16840
 335.355	 16840
 335.357	 16830
 335.359	 16815
 335.362	 16815
 335.364	 16815
 335.366	 16815
 335.369	 16790
 335.371	 16775
 335.373	 16775
 335.376	 16775
 335.378	 16760
 335.381	 16760
 335.383	 16760
 335.385	 16760
 335.388	 16750
 335.390	 16750
 335.392	 16760
 335.395	 16750
 335.397	 16750
 335.399	 16735
 335.402	 16720
 335.404	 16720
 335.406	 16735
 335.409	 16710
 335.411	 16720
 335.413	 16710
 335.416	 16710
 335.418	 16710
 335.420	 16695
 335.423	 16710
 335.425	 16695
 335.427	 16695
 335.430	 16710
 335.432	 16695
 335.434	 16670
 335.437	 16695
 335.439	 16670
 335.441	 16680
 335.444	 16680
 335.446	 16695
 335.449	 16695
 335.451	 16680
 335.453	 16680
 335.456	 16655
 335.458	 16655
 335.460	 16680
 335.463	 16680
 335.465	 16680
 335.467	 16695
 335.470	 16680
 335.472	 16695
 335.474	 16695
 335.477	 16695
 335.479	 16680
 335.481	 16680
 335.484	 16680
 335.486	 16680
 335.488	 16680
 335.491	 16695
 335.493	 16710
 335.495	 16710
 335.498	 16710
 335.500	 16710
 335.502	 16710
 335.505	 16710
 335.507	 16710
 335.509	 16720
 335.512	 16710
 335.514	 16710
 335.516	 16710
 335.519	 16735
 335.521	 16710
 335.524	 16720
 335.526	 16735
 335.528	 16735
 335.531	 16750
 335.533	 16750
 335.535	 16760
 335.538	 16760
 335.540	 16760
 335.542	 16760
 335.545	 16800
 335.547	 16800
 335.549	 16790
 335.552	 16790
 335.554	 16815
 335.556	 16830
 335.559	 16840
 335.561	 16855
 335.563	 16855
 335.566	 16855
 335.568	 16855
 335.570	 16870
 335.573	 16870
 335.575	 16870
 335.577	 16880
 335.580	 16880
 335.582	 16880
 335.584	 16895
 335.587	 16895
 335.589	 16895
 335.592	 16895
 335.594	 16910
 335.596	 16920
 335.599	 16920
 335.601	 16950
 335.603	 16950
 335.606	 16960
 335.608	 16975
 335.610	 16975
 335.613	 17000
 335.615	 17015
 335.617	 17030
 335.620	 17055
 335.622	 17055
 335.624	 17070
 335.627	 17070
 335.629	 17080
 335.631	 17110
 335.634	 17095
 335.636	 17110
 335.638	 17135
 335.641	 17135
 335.643	 17150
 335.645	 17150
 335.648	 17160
 335.650	 17175
 335.652	 17200
 335.655	 17200
 335.657	 17215
 335.659	 17230
 335.662	 17240
 335.664	 17240
 335.667	 17255
 335.669	 17255
 335.671	 17280
 335.674	 17295
 335.676	 17320
 335.678	 17350
 335.681	 17375
 335.683	 17390
 335.685	 17390
 335.688	 17390
 335.690	 17415
 335.692	 17415
 335.695	 17440
 335.697	 17440
 335.699	 17455
 335.702	 17470
 335.704	 17470
 335.706	 17495
 335.709	 17495
 335.711	 17510
 335.713	 17510
 335.716	 17535
 335.718	 17535
 335.720	 17535
 335.723	 17550
 335.725	 17560
 335.727	 17575
 335.730	 17575
 335.732	 17575
 335.735	 17575
 335.737	 17600
 335.739	 17615
 335.742	 17640
 335.744	 17655
 335.746	 17655
 335.749	 17680
 335.751	 17695
 335.753	 17695
 335.756	 17710
 335.758	 17735
 335.760	 17735
 335.763	 17760
 335.765	 17775
 335.767	 17790
 335.770	 17800
 335.772	 17800
 335.774	 17800
 335.777	 17815
 335.779	 17840
 335.781	 17840
 335.784	 17855
 335.786	 17855
 335.788	 17855
 335.791	 17870
 335.793	 17895
 335.795	 17910
 335.798	 17910
 335.800	 17920
 335.802	 17920
 335.805	 17920
 335.807	 17935
 335.810	 17950
 335.812	 17950
 335.814	 17950
 335.817	 17960
 335.819	 17975
 335.821	 17990
 335.824	 17990
 335.826	 17990
 335.828	 17990
 335.831	 18015
 335.833	 18015
 335.835	 18015
 335.838	 18040
 335.840	 18040
 335.842	 18055
 335.845	 18055
 335.847	 18055
 335.849	 18055
 335.852	 18080
 335.854	 18080
 335.856	 18095
 335.859	 18110
 335.861	 18110
 335.863	 18110
 335.866	 18120
 335.868	 18110
 335.870	 18120
 335.873	 18135
 335.875	 18150
 335.878	 18150
 335.880	 18150
 335.882	 18150
 335.885	 18150
 335.887	 18175
 335.889	 18150
 335.892	 18150
 335.894	 18150
 335.896	 18160
 335.899	 18190
 335.901	 18175
 335.903	 18175
 335.906	 18175
 335.908	 18190
 335.910	 18190
 335.913	 18190
 335.915	 18200
 335.917	 18200
 335.920	 18190
 335.922	 18190
 335.924	 18190
 335.927	 18200
 335.929	 18190
 335.931	 18200
 335.934	 18190
 335.936	 18190
 335.938	 18190
 335.941	 18190
 335.943	 18190
 335.945	 18200
 335.948	 18190
 335.950	 18200
 335.953	 18200
 335.955	 18190
 335.957	 18190
 335.960	 18175
 335.962	 18175
 335.964	 18175
 335.967	 18150
 335.969	 18150
 335.971	 18150
 335.974	 18150
 335.976	 18150
 335.978	 18135
 335.981	 18135
 335.983	 18120
 335.985	 18110
 335.988	 18110
 335.990	 18120
 335.992	 18110
 335.995	 18095
 335.997	 18080
 335.999	 18070
 336.002	 18070
 336.004	 18055
 336.006	 18055
 336.009	 18055
 336.011	 18030
 336.013	 18030
 336.016	 18030
 336.018	 17990
 336.021	 18000
 336.023	 17990
 336.025	 17990
 336.028	 17990
 336.030	 17960
 336.032	 17950
 336.035	 17935
 336.037	 17935
 336.039	 17895
 336.042	 17895
 336.044	 17880
 336.046	 17880
 336.049	 17855
 336.051	 17840
 336.053	 17840
 336.056	 17815
 336.058	 17815
 336.060	 17815
 336.063	 17790
 336.065	 17775
 336.067	 17760
 336.070	 17735
 336.072	 17720
 336.074	 17710
 336.077	 17710
 336.079	 17680
 336.081	 17680
 336.084	 17655
 336.086	 17655
 336.089	 17640
 336.091	 17630
 336.093	 17615
 336.096	 17590
 336.098	 17575
 336.100	 17575
 336.103	 17560
 336.105	 17560
 336.107	 17550
 336.110	 17550
 336.112	 17510
 336.114	 17495
 336.117	 17470
 336.119	 17470
 336.121	 17455
 336.124	 17440
 336.126	 17415
 336.128	 17390
 336.131	 17390
 336.133	 17360
 336.135	 17350
 336.138	 17350
 336.140	 17320
 336.142	 17310
 336.145	 17295
 336.147	 17280
 336.149	 17255
 336.152	 17240
 336.154	 17230
 336.156	 17230
 336.159	 17230
 336.161	 17200
 336.164	 17190
 336.166	 17190
 336.168	 17160
 336.171	 17150
 336.173	 17135
 336.175	 17110
 336.178	 17095
 336.180	 17095
 336.182	 17055
 336.185	 17055
 336.187	 17030
 336.189	 17015
 336.192	 16990
 336.194	 16990
 336.196	 16975
 336.199	 16960
 336.201	 16935
 336.203	 16920
 336.206	 16895
 336.208	 16880
 336.210	 16880
 336.213	 16855
 336.215	 16840
 336.217	 16830
 336.220	 16830
 336.222	 16800
 336.224	 16790
 336.227	 16760
 336.229	 16760
 336.232	 16750
 336.234	 16735
 336.236	 16720
 336.239	 16710
 336.241	 16695
 336.243	 16670
 336.246	 16670
 336.248	 16630
 336.250	 16630
 336.253	 16630
 336.255	 16615
 336.257	 16600
 336.260	 16590
 336.262	 16575
 336.264	 16560
 336.267	 16575
 336.269	 16560
 336.271	 16550
 336.274	 16535
 336.276	 16520
 336.278	 16510
 336.281	 16495
 336.283	 16495
 336.285	 16470
 336.288	 16470
 336.290	 16470
 336.292	 16455
 336.295	 16455
 336.297	 16440
 336.299	 16440
 336.302	 16430
 336.304	 16430
 336.307	 16415
 336.309	 16400
 336.311	 16390
 336.314	 16375
 336.316	 16360
 336.318	 16360
 336.321	 16350
 336.323	 16360
 336.325	 16350
 336.328	 16335
 336.330	 16335
 336.332	 16335
 336.335	 16335
 336.337	 16335
 336.339	 16320
 336.342	 16320
 336.344	 16310
 336.346	 16320
 336.349	 16295
 336.351	 16295
 336.353	 16295
 336.356	 16295
 336.358	 16295
 336.360	 16270
 336.363	 16270
 336.365	 16270
 336.367	 16280
 336.370	 16280
 336.372	 16270
 336.375	 16270
 336.377	 16270
 336.379	 16270
 336.382	 16270
 336.384	 16270
 336.386	 16280
 336.389	 16280
 336.391	 16280
 336.393	 16280
 336.396	 16295
 336.398	 16295
 336.400	 16295
 336.403	 16295
 336.405	 16310
 336.407	 16320
 336.410	 16310
 336.412	 16320
 336.414	 16320
 336.417	 16335
 336.419	 16350
 336.421	 16360
 336.424	 16360
 336.426	 16360
 336.428	 16375
 336.431	 16375
 336.433	 16375
 336.435	 16375
 336.438	 16400
 336.440	 16415
 336.442	 16415
 336.445	 16415
 336.447	 16430
 336.450	 16440
 336.452	 16455
 336.454	 16470
 336.457	 16480
 336.459	 16480
 336.461	 16495
 336.464	 16495
 336.466	 16510
 336.468	 16510
 336.471	 16535
 336.473	 16535
 336.475	 16550
 336.478	 16560
 336.480	 16575
 336.482	 16590
 336.485	 16590
 336.487	 16600
 336.489	 16600
 336.492	 16615
 336.494	 16630
 336.496	 16630
 336.499	 16640
 336.501	 16670
 336.503	 16670
 336.506	 16695
 336.508	 16695
 336.510	 16710
 336.513	 16710
 336.515	 16710
 336.518	 16750
 336.520	 16760
 336.522	 16760
 336.525	 16775
 336.527	 16800
 336.529	 16815
 336.532	 16815
 336.534	 16815
 336.536	 16840
 336.539	 16855
 336.541	 16880
 336.543	 16910
 336.546	 16920
 336.548	 16920
 336.550	 16950
 336.553	 16960
 336.555	 16960
 336.557	 16960
 336.560	 16975
 336.562	 17015
 336.564	 17015
 336.567	 17055
 336.569	 17055
 336.571	 17080
 336.574	 17095
 336.576	 17120
 336.578	 17135
 336.581	 17150
 336.583	 17175
 336.585	 17190
 336.588	 17200
 336.590	 17230
 336.593	 17240
 336.595	 17270
 336.597	 17270
 336.600	 17270
 336.602	 17295
 336.604	 17295
 336.607	 17335
 336.609	 17350
 336.611	 17360
 336.614	 17390
 336.616	 17400
 336.618	 17415
 336.621	 17430
 336.623	 17470
 336.625	 17470
 336.628	 17495
 336.630	 17510
 336.632	 17520
 336.635	 17550
 336.637	 17560
 336.639	 17590
 336.642	 17600
 336.644	 17615
 336.646	 17630
 336.649	 17640
 336.651	 17655
 336.653	 17670
 336.656	 17670
 336.658	 17680
 336.661	 17710
 336.663	 17710
 336.665	 17720
 336.668	 17735
 336.670	 17750
 336.672	 17760
 336.675	 17790
 336.677	 17790
 336.679	 17815
 336.682	 17815
 336.684	 17830
 336.686	 17840
 336.689	 17840
 336.691	 17870
 336.693	 17880
 336.696	 17880
 336.698	 17895
 336.700	 17895
 336.703	 17895
 336.705	 17910
 336.707	 17920
 336.710	 17920
 336.712	 17935
 336.714	 17960
 336.717	 17960
 336.719	 17975
 336.721	 17990
 336.724	 18015
 336.726	 18015
 336.729	 18015
 336.731	 18015
 336.733	 18030
 336.736	 18040
 336.738	 18040
 336.740	 18055
 336.743	 18055
 336.745	 18080
 336.747	 18095
 336.750	 18095
 336.752	 18135
 336.754	 18135
 336.757	 18135
 336.759	 18135
 336.761	 18150
 336.764	 18175
 336.766	 18175
 336.768	 18160
 336.771	 18160
 336.773	 18175
 336.775	 18160
 336.778	 18175
 336.780	 18175
 336.782	 18190
 336.785	 18190
 336.787	 18190
 336.789	 18190
 336.792	 18190
 336.794	 18200
 336.796	 18200
 336.799	 18190
 336.801	 18190
 336.804	 18200
 336.806	 18200
 336.808	 18200
 336.811	 18190
 336.813	 18190
 336.815	 18200
 336.818	 18190
 336.820	 18200
 336.822	 18190
 336.825	 18190
 336.827	 18175
 336.829	 18175
 336.832	 18175
 336.834	 18175
 336.836	 18175
 336.839	 18160
 336.841	 18160
 336.843	 18150
 336.846	 18150
 336.848	 18150
 336.850	 18150
 336.853	 18135
 336.855	 18120
 336.857	 18120
 336.860	 18110
 336.862	 18110
 336.864	 18095
 336.867	 18080
 336.869	 18080
 336.872	 18055
 336.874	 18055
 336.876	 18040
 336.879	 18040
 336.881	 18030
 336.883	 18000
 336.886	 18000
 336.888	 17990
 336.890	 17960
 336.893	 17960
 336.895	 17950
 336.897	 17920
 336.900	 17935
 336.902	 17910
 336.904	 17895
 336.907	 17880
 336.909	 17870
 336.911	 17855
 336.914	 17840
 336.916	 17840
 336.918	 17815
 336.921	 17800
 336.923	 17775
 336.925	 17750
 336.928	 17735
 336.930	 17710
 336.932	 17695
 336.935	 17680
 336.937	 17655
 336.939	 17615
 336.942	 17590
 336.944	 17575
 336.947	 17550
 336.949	 17535
 336.951	 17510
 336.954	 17480
 336.956	 17455
 336.958	 17430
 336.961	 17390
 336.963	 17375
 336.965	 17350
 336.968	 17320
 336.970	 17295
 336.972	 17270
 336.975	 17240
 336.977	 17230
 336.979	 17190
 336.982	 17175
 336.984	 17135
 336.986	 17110
 336.989	 17070
 336.991	 17030
 336.993	 16990
 336.996	 16950
 336.998	 16950
 337.000	 16920
 337.003	 16880
 337.005	 16840
 337.007	 16815
 337.010	 16775
 337.012	 16750
 337.015	 16710
 337.017	 16680
 337.019	 16655
 337.022	 16630
 337.024	 16575
 337.026	 16535
 337.029	 16480
 337.031	 16470
 337.033	 16430
 337.036	 16400
 337.038	 16375
 337.040	 16335
 337.043	 16295
 337.045	 16270
 337.047	 16240
 337.050	 16200
 337.052	 16160
 337.054	 16120
 337.057	 16095
 337.059	 16055
 337.061	 16030
 337.064	 16000
 337.066	 15960
 337.068	 15935
 337.071	 15895
 337.073	 15855
 337.075	 15815
 337.078	 15775
 337.080	 15735
 337.082	 15695
 337.085	 15680
 337.087	 15640
 337.090	 15600
 337.092	 15560
 337.094	 15535
 337.097	 15510
 337.099	 15470
 337.101	 15455
 337.104	 15415
 337.106	 15400
 337.108	 15360
 337.111	 15320
 337.113	 15280
 337.115	 15280
 337.118	 15240
 337.120	 15200
 337.122	 15160
 337.125	 15150
 337.127	 15110
 337.129	 15110
 337.132	 15070
 337.134	 15055
 337.136	 15030
 337.139	 14990
 337.141	 14990
 337.143	 14960
 337.146	 14960
 337.148	 14920
 337.150	 14895
 337.153	 14870
 337.155	 14840
 337.158	 14830
 337.160	 14800
 337.162	 14790
 337.165	 14760
 337.167	 14750
 337.169	 14720
 337.172	 14710
 337.174	 14680
 337.176	 14680
 337.179	 14640
 337.181	 14630
 337.183	 14600
 337.186	 14590
 337.188	 14560
 337.190	 14560
 337.193	 14550
 337.195	 14520
 337.197	 14510
 337.200	 14495
 337.202	 14480
 337.204	 14470
 337.207	 14455
 337.209	 14440
 337.211	 14430
 337.214	 14415
 337.216	 14390
 337.218	 14390
 337.221	 14375
 337.223	 14360
 337.225	 14350
 337.228	 14350
 337.230	 14335
 337.233	 14335
 337.235	 14335
 337.237	 14310
 337.240	 14295
 337.242	 14280
 337.244	 14280
 337.247	 14270
 337.249	 14280
 337.251	 14240
 337.254	 14255
 337.256	 14240
 337.258	 14255
 337.261	 14240
 337.263	 14240
 337.265	 14230
 337.268	 14230
 337.270	 14230
 337.272	 14240
 337.275	 14240
 337.277	 14230
 337.279	 14240
 337.282	 14200
 337.284	 14215
 337.286	 14200
 337.289	 14190
 337.291	 14200
 337.293	 14200
 337.296	 14200
 337.298	 14200
 337.301	 14200
 337.303	 14200
 337.305	 14200
 337.308	 14190
 337.310	 14200
 337.312	 14200
 337.315	 14200
 337.317	 14200
 337.319	 14200
 337.322	 14200
 337.324	 14200
 337.326	 14200
 337.329	 14230
 337.331	 14230
 337.333	 14230
 337.336	 14230
 337.338	 14230
 337.340	 14255
 337.343	 14255
 337.345	 14255
 337.347	 14270
 337.350	 14270
 337.352	 14280
 337.354	 14280
 337.357	 14280
 337.359	 14280
 337.361	 14310
 337.364	 14320
 337.366	 14320
 337.369	 14320
 337.371	 14320
 337.373	 14335
 337.376	 14350
 337.378	 14350
 337.380	 14375
 337.383	 14375
 337.385	 14375
 337.387	 14390
 337.390	 14400
 337.392	 14400
 337.394	 14415
 337.397	 14415
 337.399	 14440
 337.401	 14440
 337.404	 14455
 337.406	 14470
 337.408	 14480
 337.411	 14510
 337.413	 14510
 337.415	 14520
 337.418	 14535
 337.420	 14560
 337.422	 14560
 337.425	 14560
 337.427	 14600
 337.429	 14615
 337.432	 14615
 337.434	 14630
 337.436	 14640
 337.439	 14640
 337.441	 14640
 337.444	 14670
 337.446	 14680
 337.448	 14710
 337.451	 14710
 337.453	 14720
 337.455	 14750
 337.458	 14750
 337.460	 14790
 337.462	 14790
 337.465	 14800
 337.467	 14815
 337.469	 14840
 337.472	 14855
 337.474	 14855
 337.476	 14870
 337.479	 14880
 337.481	 14895
 337.483	 14920
 337.486	 14935
 337.488	 14950
 337.490	 14960
 337.493	 14975
 337.495	 14990
 337.497	 15000
 337.500	 15000
 337.502	 15030
 337.504	 15055
 337.507	 15070
 337.509	 15070
 337.512	 15095
 337.514	 15110
 337.516	 15135
 337.519	 15135
 337.521	 15150
 337.523	 15175
 337.526	 15200
 337.528	 15200
 337.530	 15230
 337.533	 15230
 337.535	 15270
 337.537	 15280
 337.540	 15280
 337.542	 15320
 337.544	 15320
 337.547	 15335
 337.549	 15350
 337.551	 15360
 337.554	 15375
 337.556	 15390
 337.558	 15415
 337.561	 15430
 337.563	 15440
 337.565	 15455
 337.568	 15455
 337.570	 15480
 337.572	 15495
 337.575	 15510
 337.577	 15520
 337.579	 15550
 337.582	 15550
 337.584	 15575
 337.587	 15590
 337.589	 15590
 337.591	 15615
 337.594	 15615
 337.596	 15615
 337.598	 15640
 337.601	 15640
 337.603	 15670
 337.605	 15670
 337.608	 15670
 337.610	 15680
 337.612	 15710
 337.615	 15710
 337.617	 15720
 337.619	 15735
 337.622	 15750
 337.624	 15760
 337.626	 15760
 337.629	 15775
 337.631	 15775
 337.633	 15800
 337.636	 15790
 337.638	 15830
 337.640	 15830
 337.643	 15830
 337.645	 15840
 337.647	 15840
 337.650	 15840
 337.652	 15855
 337.655	 15870
 337.657	 15870
 337.659	 15880
 337.662	 15880
 337.664	 15880
 337.666	 15880
 337.669	 15910
 337.671	 15920
 337.673	 15935
 337.676	 15935
 337.678	 15935
 337.680	 15950
 337.683	 15960
 337.685	 15960
 337.687	 15960
 337.690	 15960
 337.692	 15975
 337.694	 15960
 337.697	 15990
 337.699	 15975
 337.701	 15975
 337.704	 16000
 337.706	 16000
 337.708	 15990
 337.711	 15990
 337.713	 15975
 337.715	 15990
 337.718	 15990
 337.720	 15990
 337.722	 15990
 337.725	 15990
 337.727	 15990
 337.730	 16000
 337.732	 15990
 337.734	 15975
 337.737	 15975
 337.739	 15975
 337.741	 15975
 337.744	 15990
 337.746	 15990
 337.748	 15990
 337.751	 15990
 337.753	 15990
 337.755	 15990
 337.758	 15990
 337.760	 15975
 337.762	 15960
 337.765	 15960
 337.767	 15975
 337.769	 15975
 337.772	 15975
 337.774	 15960
 337.776	 15960
 337.779	 15950
 337.781	 15950
 337.783	 15950
 337.786	 15950
 337.788	 15950
 337.790	 15935
 337.793	 15920
 337.795	 15910
 337.798	 15910
 337.800	 15880
 337.802	 15855
 337.805	 15855
 337.807	 15855
 337.809	 15855
 337.812	 15840
 337.814	 15840
 337.816	 15830
 337.819	 15830
 337.821	 15815
 337.823	 15800
 337.826	 15790
 337.828	 15775
 337.830	 15760
 337.833	 15760
 337.835	 15760
 337.837	 15735
 337.840	 15750
 337.842	 15735
 337.844	 15720
 337.847	 15710
 337.849	 15710
 337.851	 15695
 337.854	 15670
 337.856	 15655
 337.858	 15640
 337.861	 15640
 337.863	 15630
 337.865	 15600
 337.868	 15600
 337.870	 15575
 337.873	 15560
 337.875	 15560
 337.877	 15535
 337.880	 15520
 337.882	 15510
 337.884	 15495
 337.887	 15495
 337.889	 15480
 337.891	 15470
 337.894	 15455
 337.896	 15430
 337.898	 15430
 337.901	 15430
 337.903	 15400
 337.905	 15390
 337.908	 15360
 337.910	 15335
 337.912	 15320
 337.915	 15320
 337.917	 15310
 337.919	 15295
 337.922	 15280
 337.924	 15270
 337.926	 15255
 337.929	 15255
 337.931	 15240
 337.933	 15230
 337.936	 15200
 337.938	 15190
 337.941	 15160
 337.943	 15160
 337.945	 15120
 337.948	 15120
 337.950	 15095
 337.952	 15095
 337.955	 15070
 337.957	 15055
 337.959	 15030
 337.962	 15030
 337.964	 15000
 337.966	 14990
 337.969	 14990
 337.971	 14950
 337.973	 14950
 337.976	 14935
 337.978	 14910
 337.980	 14910
 337.983	 14880
 337.985	 14870
 337.987	 14840
 337.990	 14830
 337.992	 14815
 337.994	 14815
 337.997	 14800
 337.999	 14790
 338.001	 14760
 338.004	 14750
 338.006	 14750
 338.009	 14710
 338.011	 14710
 338.013	 14710
 338.016	 14680
 338.018	 14680
 338.020	 14670
 338.023	 14670
 338.025	 14630
 338.027	 14630
 338.030	 14600
 338.032	 14590
 338.034	 14560
 338.037	 14560
 338.039	 14535
 338.041	 14520
 338.044	 14535
 338.046	 14510
 338.048	 14495
 338.051	 14480
 338.053	 14480
 338.055	 14470
 338.058	 14455
 338.060	 14440
 338.062	 14430
 338.065	 14430
 338.067	 14430
 338.069	 14415
 338.072	 14400
 338.074	 14390
 338.076	 14390
 338.079	 14360
 338.081	 14375
 338.084	 14360
 338.086	 14350
 338.088	 14350
 338.091	 14350
 338.093	 14320
 338.095	 14335
 338.098	 14320
 338.100	 14310
 338.102	 14295
 338.105	 14280
 338.107	 14280
 338.109	 14270
 338.112	 14270
 338.114	 14270
 338.116	 14270
 338.119	 14240
 338.121	 14255
 338.123	 14255
 338.126	 14240
 338.128	 14230
 338.130	 14230
 338.133	 14215
 338.135	 14200
 338.137	 14215
 338.140	 14200
 338.142	 14200
 338.144	 14190
 338.147	 14200
 338.149	 14175
 338.152	 14175
 338.154	 14175
 338.156	 14175
 338.159	 14160
 338.161	 14160
 338.163	 14150
 338.166	 14175
 338.168	 14175
 338.170	 14160
 338.173	 14160
 338.175	 14150
 338.177	 14150
 338.180	 14135
 338.182	 14150
 338.184	 14160
 338.187	 14150
 338.189	 14150
 338.191	 14150
 338.194	 14160
 338.196	 14160
 338.198	 14150
 338.201	 14150
 338.203	 14160
 338.205	 14160
 338.208	 14160
 338.210	 14150
 338.212	 14160
 338.215	 14150
 338.217	 14150
 338.219	 14150
 338.222	 14150
 338.224	 14160
 338.227	 14175
 338.229	 14190
 338.231	 14190
 338.234	 14190
 338.236	 14190
 338.238	 14190
 338.241	 14200
 338.243	 14215
 338.245	 14230
 338.248	 14230
 338.250	 14230
 338.252	 14230
 338.255	 14240
 338.257	 14240
 338.259	 14255
 338.262	 14270
 338.264	 14270
 338.266	 14270
 338.269	 14280
 338.271	 14280
 338.273	 14295
 338.276	 14310
 338.278	 14320
 338.280	 14320
 338.283	 14320
 338.285	 14350
 338.287	 14360
 338.290	 14360
 338.292	 14375
 338.295	 14375
 338.297	 14375
 338.299	 14375
 338.302	 14375
 338.304	 14390
 338.306	 14400
 338.309	 14415
 338.311	 14430
 338.313	 14430
 338.316	 14455
 338.318	 14455
 338.320	 14470
 338.323	 14470
 338.325	 14495
 338.327	 14495
 338.330	 14495
 338.332	 14495
 338.334	 14510
 338.337	 14510
 338.339	 14510
 338.341	 14550
 338.344	 14550
 338.346	 14560
 338.348	 14575
 338.351	 14590
 338.353	 14615
 338.355	 14615
 338.358	 14630
 338.360	 14630
 338.362	 14655
 338.365	 14670
 338.367	 14710
 338.370	 14710
 338.372	 14735
 338.374	 14735
 338.377	 14735
 338.379	 14750
 338.381	 14760
 338.384	 14775
 338.386	 14800
 338.388	 14815
 338.391	 14840
 338.393	 14840
 338.395	 14840
 338.398	 14855
 338.400	 14870
 338.402	 14870
 338.405	 14870
 338.407	 14895
 338.409	 14910
 338.412	 14920
 338.414	 14935
 338.416	 14935
 338.419	 14935
 338.421	 14975
 338.423	 14975
 338.426	 14990
 338.428	 14990
 338.430	 15000
 338.433	 15015
 338.435	 15030
 338.438	 15055
 338.440	 15055
 338.442	 15070
 338.445	 15070
 338.447	 15095
 338.449	 15095
 338.452	 15095
 338.454	 15110
 338.456	 15120
 338.459	 15120
 338.461	 15150
 338.463	 15160
 338.466	 15160
 338.468	 15175
 338.470	 15190
 338.473	 15190
 338.475	 15200
 338.477	 15215
 338.480	 15215
 338.482	 15230
 338.484	 15230
 338.487	 15240
 338.489	 15270
 338.491	 15270
 338.494	 15270
 338.496	 15280
 338.498	 15280
 338.501	 15295
 338.503	 15310
 338.505	 15335
 338.508	 15335
 338.510	 15335
 338.513	 15360
 338.515	 15375
 338.517	 15375
 338.520	 15375
 338.522	 15390
 338.524	 15400
 338.527	 15415
 338.529	 15415
 338.531	 15430
 338.534	 15430
 338.536	 15430
 338.538	 15440
 338.541	 15455
 338.543	 15455
 338.545	 15470
 338.548	 15470
 338.550	 15470
 338.552	 15480
 338.555	 15480
 338.557	 15495
 338.559	 15495
 338.562	 15495
 338.564	 15495
 338.566	 15510
 338.569	 15520
 338.571	 15535
 338.573	 15535
 338.576	 15535
 338.578	 15535
 338.581	 15535
 338.583	 15535
 338.585	 15535
 338.588	 15535
 338.590	 15535
 338.592	 15535
 338.595	 15535
 338.597	 15535
 338.599	 15535
 338.602	 15535
 338.604	 15535
 338.606	 15535
 338.609	 15550
 338.611	 15560
 338.613	 15560
 338.616	 15575
 338.618	 15575
 338.620	 15590
 338.623	 15560
 338.625	 15575
 338.627	 15590
 338.630	 15575
 338.632	 15590
 338.634	 15575
 338.637	 15590
 338.639	 15590
 338.641	 15575
 338.644	 15590
 338.646	 15590
 338.649	 15560
 338.651	 15575
 338.653	 15575
 338.656	 15575
 338.658	 15575
 338.660	 15560
 338.663	 15560
 338.665	 15560
 338.667	 15560
 338.670	 15560
 338.672	 15550
 338.674	 15535
 338.677	 15535
 338.679	 15535
 338.681	 15535
 338.684	 15535
 338.686	 15535
 338.688	 15535
 338.691	 15535
 338.693	 15550
 338.695	 15550
 338.698	 15550
 338.700	 15550
 338.702	 15535
 338.705	 15535
 338.707	 15535
 338.709	 15535
 338.712	 15510
 338.714	 15495
 338.716	 15495
 338.719	 15495
 338.721	 15495
 338.724	 15480
 338.726	 15470
 338.728	 15470
 338.731	 15470
 338.733	 15455
 338.735	 15455
 338.738	 15440
 338.740	 15430
 338.742	 15430
 338.745	 15440
 338.747	 15430
 338.749	 15430
 338.752	 15415
 338.754	 15415
 338.756	 15415
 338.759	 15400
 338.761	 15400
 338.763	 15390
 338.766	 15400
 338.768	 15390
 338.770	 15375
 338.773	 15375
 338.775	 15375
 338.777	 15375
 338.780	 15375
 338.782	 15335
 338.784	 15335
 338.787	 15335
 338.789	 15335
 338.792	 15335
 338.794	 15310
 338.796	 15295
 338.799	 15295
 338.801	 15280
 338.803	 15270
 338.806	 15255
 338.808	 15255
 338.810	 15255
 338.813	 15240
 338.815	 15230
 338.817	 15240
 338.820	 15215
 338.822	 15190
 338.824	 15190
 338.827	 15175
 338.829	 15150
 338.831	 15160
 338.834	 15150
 338.836	 15150
 338.838	 15120
 338.841	 15110
 338.843	 15110
 338.845	 15110
 338.848	 15095
 338.850	 15080
 338.852	 15070
 338.855	 15070
 338.857	 15070
 338.859	 15055
 338.862	 15055
 338.864	 15040
 338.867	 15030
 338.869	 15015
 338.871	 15015
 338.874	 15015
 338.876	 15015
 338.878	 14975
 338.881	 14975
 338.883	 14960
 338.885	 14950
 338.888	 14950
 338.890	 14950
 338.892	 14950
 338.895	 14950
 338.897	 14935
 338.899	 14920
 338.902	 14910
 338.904	 14910
 338.906	 14910
 338.909	 14910
 338.911	 14880
 338.913	 14880
 338.916	 14855
 338.918	 14855
 338.920	 14840
 338.923	 14830
 338.925	 14815
 338.927	 14815
 338.930	 14815
 338.932	 14815
 338.935	 14800
 338.937	 14800
 338.939	 14790
 338.942	 14790
 338.944	 14790
 338.946	 14775
 338.949	 14760
 338.951	 14750
 338.953	 14735
 338.956	 14735
 338.958	 14735
 338.960	 14735
 338.963	 14735
 338.965	 14720
 338.967	 14710
 338.970	 14710
 338.972	 14720
 338.974	 14710
 338.977	 14680
 338.979	 14680
 338.981	 14680
 338.984	 14680
 338.986	 14680
 338.988	 14680
 338.991	 14670
 338.993	 14640
 338.995	 14655
 338.998	 14670
 339.000	 14655
 339.002	 14640
 339.005	 14640
 339.007	 14640
 339.010	 14640
 339.012	 14630
 339.014	 14630
 339.017	 14615
 339.019	 14615
 339.021	 14615
 339.024	 14600
 339.026	 14590
 339.028	 14600
 339.031	 14600
 339.033	 14600
 339.035	 14590
 339.038	 14575
 339.040	 14575
 339.042	 14575
 339.045	 14575
 339.047	 14560
 339.049	 14560
 339.052	 14575
 339.054	 14575
 339.056	 14575
 339.059	 14560
 339.061	 14575
 339.063	 14575
 339.066	 14560
 339.068	 14575
 339.070	 14560
 339.073	 14560
 339.075	 14575
 339.078	 14575
 339.080	 14575
 339.082	 14590
 339.085	 14590
 339.087	 14575
 339.089	 14560
 339.092	 14590
 339.094	 14600
 339.096	 14590
 339.099	 14600
 339.101	 14600
 339.103	 14590
 339.106	 14590
 339.108	 14590
 339.110	 14590
 339.113	 14600
 339.115	 14590
 339.117	 14590
 339.120	 14600
 339.122	 14615
 339.124	 14615
 339.127	 14615
 339.129	 14600
 339.131	 14600
 339.134	 14600
 339.136	 14590
 339.138	 14600
 339.141	 14600
 339.143	 14600
 339.145	 14600
 339.148	 14600
 339.150	 14600
 339.153	 14615
 339.155	 14630
 339.157	 14615
 339.160	 14615
 339.162	 14615
 339.164	 14615
 339.167	 14615
 339.169	 14615
 339.171	 14615
 339.174	 14640
 339.176	 14640
 339.178	 14640
 339.181	 14630
 339.183	 14630
 339.185	 14630
 339.188	 14630
 339.190	 14640
 339.192	 14640
 339.195	 14640
 339.197	 14655
 339.199	 14640
 339.202	 14670
 339.204	 14670
 339.206	 14670
 339.209	 14655
 339.211	 14670
 339.213	 14655
 339.216	 14655
 339.218	 14670
 339.221	 14680
 339.223	 14670
 339.225	 14680
 339.228	 14680
 339.230	 14680
 339.232	 14710
 339.235	 14710
 339.237	 14710
 339.239	 14710
 339.242	 14710
 339.244	 14720
 339.246	 14720
 339.249	 14720
 339.251	 14720
 339.253	 14720
 339.256	 14750
 339.258	 14760
 339.260	 14760
 339.263	 14760
 339.265	 14760
 339.267	 14775
 339.270	 14800
 339.272	 14800
 339.274	 14800
 339.277	 14800
 339.279	 14800
 339.281	 14815
 339.284	 14815
 339.286	 14815
 339.289	 14815
 339.291	 14815
 339.293	 14830
 339.296	 14840
 339.298	 14855
 339.300	 14870
 339.303	 14855
 339.305	 14870
 339.307	 14870
 339.310	 14895
 339.312	 14895
 339.314	 14895
 339.317	 14880
 339.319	 14895
 339.321	 14895
 339.324	 14910
 339.326	 14910
 339.328	 14920
 339.331	 14935
 339.333	 14935
 339.335	 14950
 339.338	 14950
 339.340	 14960
 339.342	 14975
 339.345	 14975
 339.347	 14975
 339.349	 14975
 339.352	 14990
 339.354	 14975
 339.356	 15015
 339.359	 15015
 339.361	 15015
 339.364	 15015
 339.366	 15015
 339.368	 15015
 339.371	 15030
 339.373	 15040
 339.375	 15040
 339.378	 15040
 339.380	 15070
 339.382	 15070
 339.385	 15080
 339.387	 15080
 339.389	 15080
 339.392	 15080
 339.394	 15080
 339.396	 15095
 339.399	 15110
 339.401	 15095
 339.403	 15110
 339.406	 15110
 339.408	 15135
 339.410	 15135
 339.413	 15150
 339.415	 15160
 339.417	 15150
 339.420	 15160
 339.422	 15160
 339.424	 15160
 339.427	 15175
 339.429	 15190
 339.432	 15190
 339.434	 15190
 339.436	 15190
 339.439	 15190
 339.441	 15215
 339.443	 15200
 339.446	 15215
 339.448	 15215
 339.450	 15230
 339.453	 15255
 339.455	 15255
 339.457	 15255
 339.460	 15240
 339.462	 15255
 339.464	 15280
 339.467	 15270
 339.469	 15280
 339.471	 15280
 339.474	 15280
 339.476	 15310
 339.478	 15295
 339.481	 15295
 339.483	 15295
 339.485	 15295
 339.488	 15310
 339.490	 15310
 339.492	 15310
 339.495	 15320
 339.497	 15335
 339.499	 15335
 339.502	 15335
 339.504	 15310
 339.507	 15320
 339.509	 15335
 339.511	 15350
 339.514	 15350
 339.516	 15350
 339.518	 15360
 339.521	 15375
 339.523	 15375
 339.525	 15375
 339.528	 15375
 339.530	 15375
 339.532	 15390
 339.535	 15415
 339.537	 15415
 339.539	 15415
 339.542	 15430
 339.544	 15430
 339.546	 15440
 339.549	 15440
 339.551	 15455
 339.553	 15470
 339.556	 15470
 339.558	 15470
 339.560	 15480
 339.563	 15480
 339.565	 15480
 339.567	 15470
 339.570	 15480
 339.572	 15480
 339.575	 15495
 339.577	 15480
 339.579	 15480
 339.582	 15480
 339.584	 15480
 339.586	 15495
 339.589	 15495
 339.591	 15495
 339.593	 15510
 339.596	 15510
 339.598	 15510
 339.600	 15520
 339.603	 15535
 339.605	 15550
 339.607	 15560
 339.610	 15575
 339.612	 15575
 339.614	 15590
 339.617	 15590
 339.619	 15600
 339.621	 15600
 339.624	 15600
 339.626	 15600
 339.628	 15615
 339.631	 15600
 339.633	 15600
 339.635	 15600
 339.638	 15640
 339.640	 15640
 339.642	 15630
 339.645	 15630
 339.647	 15630
 339.650	 15630
 339.652	 15640
 339.654	 15655
 339.657	 15670
 339.659	 15670
 339.661	 15670
 339.664	 15670
 339.666	 15680
 339.668	 15680
 339.671	 15680
 339.673	 15680
 339.675	 15680
 339.678	 15670
 339.680	 15670
 339.682	 15670
 339.685	 15695
 339.687	 15695
 339.689	 15680
 339.692	 15695
 339.694	 15695
 339.696	 15695
 339.699	 15695
 339.701	 15695
 339.703	 15695
 339.706	 15680
 339.708	 15680
 339.710	 15680
 339.713	 15695
 339.715	 15695
 339.718	 15695
 339.720	 15695
 339.722	 15680
 339.725	 15695
 339.727	 15680
 339.729	 15695
 339.732	 15695
 339.734	 15710
 339.736	 15720
 339.739	 15710
 339.741	 15720
 339.743	 15720
 339.746	 15720
 339.748	 15720
 339.750	 15735
 339.753	 15750
 339.755	 15735
 339.757	 15750
 339.760	 15750
 339.762	 15750
 339.764	 15750
 339.767	 15750
 339.769	 15760
 339.771	 15760
 339.774	 15760
 339.776	 15775
 339.778	 15775
 339.781	 15775
 339.783	 15775
 339.785	 15775
 339.788	 15775
 339.790	 15760
 339.793	 15790
 339.795	 15790
 339.797	 15775
 339.800	 15775
 339.802	 15790
 339.804	 15790
 339.807	 15790
 339.809	 15790
 339.811	 15790
 339.814	 15790
 339.816	 15790
 339.818	 15790
 339.821	 15790
 339.823	 15800
 339.825	 15800
 339.828	 15800
 339.830	 15800
 339.832	 15800
 339.835	 15815
 339.837	 15815
 339.839	 15815
 339.842	 15830
 339.844	 15815
 339.846	 15830
 339.849	 15840
 339.851	 15830
 339.853	 15830
 339.856	 15840
 339.858	 15840
 339.861	 15840
 339.863	 15830
 339.865	 15830
 339.868	 15830
 339.870	 15840
 339.872	 15840
 339.875	 15855
 339.877	 15840
 339.879	 15830
 339.882	 15830
 339.884	 15830
 339.886	 15830
 339.889	 15855
 339.891	 15870
 339.893	 15870
 339.896	 15870
 339.898	 15855
 339.900	 15855
 339.903	 15840
 339.905	 15870
 339.907	 15870
 339.910	 15870
 339.912	 15870
 339.914	 15870
 339.917	 15870
 339.919	 15870
 339.921	 15870
 339.924	 15870
 339.926	 15870
 339.929	 15880
 339.931	 15870
 339.933	 15870
 339.936	 15870
 339.938	 15870
 339.940	 15870
 339.943	 15880
 339.945	 15870
 339.947	 15870
 339.950	 15880
 339.952	 15880
 339.954	 15880
 339.957	 15880
 339.959	 15880
 339.961	 15880
 339.964	 15895
 339.966	 15910
 339.968	 15910
 339.971	 15910
 339.973	 15910
 339.975	 15910
 339.978	 15910
 339.980	 15920
 339.982	 15935
 339.985	 15935
 339.987	 15920
 339.989	 15910
 339.992	 15920
 339.994	 15920
 339.996	 15910
 339.999	 15895
 340.001	 15895
 340.004	 15895
 340.006	 15895
 340.008	 15910
 340.011	 15910
 340.013	 15910
 340.015	 15920
 340.018	 15935
 340.020	 15935
 340.022	 15935
 340.025	 15935
 340.027	 15935
 340.029	 15920
 340.032	 15910
 340.034	 15935
 340.036	 15920
 340.039	 15935
 340.041	 15935
 340.043	 15935
 340.046	 15950
 340.048	 15960
 340.050	 15960
 340.053	 15935
 340.055	 15935
 340.057	 15935
 340.060	 15935
 340.062	 15920
 340.064	 15935
 340.067	 15920
 340.069	 15950
 340.072	 15950
 340.074	 15950
 340.076	 15950
 340.079	 15950
 340.081	 15935
 340.083	 15950
 340.086	 15950
 340.088	 15950
 340.090	 15950
 340.093	 15935
 340.095	 15950
 340.097	 15950
 340.100	 15950
 340.102	 15960
 340.104	 15960
 340.107	 15960
 340.109	 15950
 340.111	 15950
 340.114	 15950
 340.116	 15950
 340.118	 15950
 340.121	 15960
 340.123	 15960
 340.125	 15950
 340.128	 15950
 340.130	 15950
 340.132	 15960
 340.135	 15960
 340.137	 15960
 340.139	 15960
 340.142	 15975
 340.144	 15975
 340.147	 15975
 340.149	 15975
 340.151	 15975
 340.154	 15975
 340.156	 15975
 340.158	 15990
 340.161	 15990
 340.163	 15990
 340.165	 15975
 340.168	 15975
 340.170	 15975
 340.172	 15975
 340.175	 15975
 340.177	 15975
 340.179	 15975
 340.182	 15975
 340.184	 15975
 340.186	 15990
 340.189	 15990
 340.191	 15975
 340.193	 16000
 340.196	 16000
 340.198	 16000
 340.200	 16000
 340.203	 16000
 340.205	 16000
 340.207	 16000
 340.210	 16000
 340.212	 16000
 340.215	 16000
 340.217	 15990
 340.219	 15990
 340.222	 16000
 340.224	 16000
 340.226	 16000
 340.229	 16000
 340.231	 16000
 340.233	 16015
 340.236	 16015
 340.238	 16015
 340.240	 16030
 340.243	 16030
 340.245	 16000
 340.247	 16030
 340.250	 16000
 340.252	 16015
 340.254	 16000
 340.257	 16015
 340.259	 16015
 340.261	 16015
 340.264	 16015
 340.266	 16015
 340.268	 16000
 340.271	 16015
 340.273	 16000
 340.275	 16000
 340.278	 16000
 340.280	 16000
 340.282	 16015
 340.285	 16015
 340.287	 16015
 340.290	 16015
 340.292	 16015
 340.294	 16015
 340.297	 16015
 340.299	 16015
 340.301	 16015
 340.304	 16015
 340.306	 16015
 340.308	 16015
 340.311	 16000
 340.313	 16000
 340.315	 16000
 340.318	 16015
 340.320	 16030
 340.322	 16015
 340.325	 16015
 340.327	 16015
 340.329	 16015
 340.332	 16030
 340.334	 16030
 340.336	 16015
 340.339	 16015
 340.341	 16040
 340.343	 16040
 340.346	 16040
 340.348	 16040
 340.350	 16040
 340.353	 16040
 340.355	 16055
 340.358	 16040
 340.360	 16015
 340.362	 16030
 340.365	 16015
 340.367	 16015
 340.369	 16030
 340.372	 16030
 340.374	 16040
 340.376	 16040
 340.379	 16040
 340.381	 16040
 340.383	 16040
 340.386	 16040
 340.388	 16040
 340.390	 16040
 340.393	 16030
 340.395	 16040
 340.397	 16040
 340.400	 16040
 340.402	 16030
 340.404	 16040
 340.407	 16040
 340.409	 16055
 340.411	 16055
 340.414	 16040
 340.416	 16040
 340.418	 16040
 340.421	 16040
 340.423	 16040
 340.425	 16040
 340.428	 16040
 340.430	 16030
 340.433	 16055
 340.435	 16040
 340.437	 16040
 340.440	 16040
 340.442	 16055
 340.444	 16055
 340.447	 16055
 340.449	 16055
 340.451	 16055
 340.454	 16040
 340.456	 16055
 340.458	 16055
 340.461	 16055
 340.463	 16055
 340.465	 16040
 340.468	 16040
 340.470	 16055
 340.472	 16070
 340.475	 16070
 340.477	 16070
 340.479	 16080
 340.482	 16080
 340.484	 16080
 340.486	 16080
 340.489	 16095
 340.491	 16095
 340.493	 16095
 340.496	 16095
 340.498	 16080
 340.501	 16080
 340.503	 16080
 340.505	 16070
 340.508	 16070
 340.510	 16070
 340.512	 16070
 340.515	 16070
 340.517	 16080
 340.519	 16070
 340.522	 16055
 340.524	 16070
 340.526	 16055
 340.529	 16080
 340.531	 16070
 340.533	 16070
 340.536	 16080
 340.538	 16080
 340.540	 16080
 340.543	 16080
 340.545	 16095
 340.547	 16095
 340.550	 16095
 340.552	 16095
 340.554	 16095
 340.557	 16110
 340.559	 16110
 340.561	 16095
 340.564	 16095
 340.566	 16095
 340.569	 16110
 340.571	 16110
 340.573	 16120
 340.576	 16110
 340.578	 16110
 340.580	 16110
 340.583	 16110
 340.585	 16110
 340.587	 16095
 340.590	 16095
 340.592	 16110
 340.594	 16110
 340.597	 16110
 340.599	 16110
 340.601	 16095
 340.604	 16095
 340.606	 16080
 340.608	 16110
 340.611	 16110
 340.613	 16095
 340.615	 16095
 340.618	 16080
 340.620	 16095
 340.622	 16095
 340.625	 16080
 340.627	 16080
 340.629	 16095
 340.632	 16095
 340.634	 16080
 340.636	 16080
 340.639	 16070
 340.641	 16070
 340.644	 16070
 340.646	 16070
 340.648	 16070
 340.651	 16070
 340.653	 16070
 340.655	 16070
 340.658	 16070
 340.660	 16070
 340.662	 16070
 340.665	 16055
 340.667	 16055
 340.669	 16040
 340.672	 16055
 340.674	 16040
 340.676	 16055
 340.679	 16055
 340.681	 16055
 340.683	 16055
 340.686	 16055
 340.688	 16055
 340.690	 16055
 340.693	 16040
 340.695	 16040
 340.697	 16040
 340.700	 16055
 340.702	 16055
 340.704	 16055
 340.707	 16055
 340.709	 16055
 340.712	 16040
 340.714	 16040
 340.716	 16040
 340.719	 16040
 340.721	 16040
 340.723	 16040
 340.726	 16040
 340.728	 16040
 340.730	 16030
 340.733	 16030
 340.735	 16040
 340.737	 16040
 340.740	 16055
 340.742	 16055
 340.744	 16040
 340.747	 16055
 340.749	 16055
 340.751	 16040
 340.754	 16040
 340.756	 16040
 340.758	 16040
 340.761	 16040
 340.763	 16040
 340.765	 16055
 340.768	 16055
 340.770	 16040
 340.772	 16040
 340.775	 16040
 340.777	 16040
 340.779	 16030
 340.782	 16040
 340.784	 16040
 340.787	 16040
 340.789	 16040
 340.791	 16055
 340.794	 16055
 340.796	 16055
 340.798	 16055
 340.801	 16055
 340.803	 16055
 340.805	 16040
 340.808	 16040
 340.810	 16040
 340.812	 16040
 340.815	 16055
 340.817	 16055
 340.819	 16070
 340.822	 16070
 340.824	 16055
 340.826	 16070
 340.829	 16070
 340.831	 16055
 340.833	 16055
 340.836	 16055
 340.838	 16055
 340.840	 16055
 340.843	 16040
 340.845	 16055
 340.847	 16055
 340.850	 16055
 340.852	 16070
 340.855	 16070
 340.857	 16070
 340.859	 16070
 340.862	 16040
 340.864	 16040
 340.866	 16040
 340.869	 16040
 340.871	 16040
 340.873	 16055
 340.876	 16070
 340.878	 16070
 340.880	 16070
 340.883	 16055
 340.885	 16055
 340.887	 16055
 340.890	 16055
 340.892	 16055
 340.894	 16055
 340.897	 16055
 340.899	 16055
 340.901	 16055
 340.904	 16055
 340.906	 16070
 340.908	 16070
 340.911	 16055
 340.913	 16070
 340.915	 16070
 340.918	 16080
 340.920	 16070
 340.922	 16070
 340.925	 16070
 340.927	 16080
 340.930	 16080
 340.932	 16070
 340.934	 16070
 340.937	 16070
 340.939	 16055
 340.941	 16055
 340.944	 16055
 340.946	 16055
 340.948	 16055
 340.951	 16040
 340.953	 16055
 340.955	 16070
 340.958	 16055
 340.960	 16055
 340.962	 16055
 340.965	 16055
 340.967	 16055
 340.969	 16070
 340.972	 16055
 340.974	 16070
 340.976	 16055
 340.979	 16055
 340.981	 16055
 340.983	 16070
 340.986	 16055
 340.988	 16055
 340.990	 16055
 340.993	 16070
 340.995	 16070
 340.998	 16055
 341.000	 16070
 341.002	 16055
 341.005	 16055
 341.007	 16055
 341.009	 16040
 341.012	 16040
 341.014	 16040
 341.016	 16055
 341.019	 16030
 341.021	 16030
 341.023	 16030
 341.026	 16030
 341.028	 16040
 341.030	 16040
 341.033	 16040
 341.035	 16055
 341.037	 16070
 341.040	 16055
 341.042	 16055
 341.044	 16070
 341.047	 16070
 341.049	 16070
 341.051	 16070
 341.054	 16070
 341.056	 16055
 341.058	 16055
 341.061	 16055
 341.063	 16055
 341.065	 16055
 341.068	 16070
 341.070	 16080
 341.073	 16080
 341.075	 16080
 341.077	 16080
 341.080	 16080
 341.082	 16070
 341.084	 16070
 341.087	 16070
 341.089	 16070
 341.091	 16070
 341.094	 16055
 341.096	 16055
 341.098	 16070
 341.101	 16070
 341.103	 16070
 341.105	 16070
 341.108	 16070
 341.110	 16070
 341.112	 16070
 341.115	 16070
 341.117	 16055
 341.119	 16055
 341.122	 16055
 341.124	 16070
 341.126	 16055
 341.129	 16055
 341.131	 16055
 341.133	 16055
 341.136	 16055
 341.138	 16055
 341.141	 16055
 341.143	 16070
 341.145	 16070
 341.148	 16055
 341.150	 16055
 341.152	 16055
 341.155	 16070
 341.157	 16080
 341.159	 16080
 341.162	 16080
 341.164	 16080
 341.166	 16080
 341.169	 16080
 341.171	 16080
 341.173	 16095
 341.176	 16080
 341.178	 16095
 341.180	 16095
 341.183	 16095
 341.185	 16080
 341.187	 16080
 341.190	 16080
 341.192	 16080
 341.194	 16080
 341.197	 16080
 341.199	 16080
 341.201	 16070
 341.204	 16080
 341.206	 16055
 341.209	 16055
 341.211	 16070
 341.213	 16070
 341.216	 16070
 341.218	 16070
 341.220	 16070
 341.223	 16055
 341.225	 16055
 341.227	 16055
 341.230	 16055
 341.232	 16070
 341.234	 16070
 341.237	 16070
 341.239	 16055
 341.241	 16040
 341.244	 16055
 341.246	 16055
 341.248	 16040
 341.251	 16055
 341.253	 16055
 341.255	 16055
 341.258	 16055
 341.260	 16055
 341.262	 16055
 341.265	 16055
 341.267	 16055
 341.269	 16055
 341.272	 16055
 341.274	 16055
 341.276	 16055
 341.279	 16055
 341.281	 16070
 341.284	 16070
 341.286	 16070
 341.288	 16070
 341.291	 16055
 341.293	 16055
 341.295	 16055
 341.298	 16070
 341.300	 16055
 341.302	 16070
 341.305	 16070
 341.307	 16070
 341.309	 16070
 341.312	 16055
 341.314	 16055
 341.316	 16055
 341.319	 16055
 341.321	 16040
 341.323	 16030
 341.326	 16055
 341.328	 16055
 341.330	 16055
 341.333	 16070
 341.335	 16070
 341.337	 16070
 341.340	 16055
 341.342	 16055
 341.344	 16055
 341.347	 16055
 341.349	 16055
 341.352	 16055
 341.354	 16055
 341.356	 16055
 341.359	 16055
 341.361	 16055
 341.363	 16055
 341.366	 16055
 341.368	 16055
 341.370	 16055
 341.373	 16055
 341.375	 16055
 341.377	 16055
 341.380	 16055
 341.382	 16055
 341.384	 16040
 341.387	 16030
 341.389	 16030
 341.391	 16030
 341.394	 16030
 341.396	 16040
 341.398	 16040
 341.401	 16040
 341.403	 16070
 341.405	 16070
 341.408	 16070
 341.410	 16070
 341.412	 16055
 341.415	 16040
 341.417	 16055
 341.419	 16055
 341.422	 16055
 341.424	 16055
 341.427	 16055
 341.429	 16055
 341.431	 16070
 341.434	 16055
 341.436	 16055
 341.438	 16055
 341.441	 16055
 341.443	 16055
 341.445	 16055
 341.448	 16070
 341.450	 16055
 341.452	 16055
 341.455	 16055
 341.457	 16040
 341.459	 16040
 341.462	 16055
 341.464	 16055
 341.466	 16055
 341.469	 16040
 341.471	 16040
 341.473	 16040
 341.476	 16055
 341.478	 16055
 341.480	 16055
 341.483	 16055
 341.485	 16080
 341.487	 16040
 341.490	 16040
 341.492	 16040
 341.495	 16070
 341.497	 16055
 341.499	 16055
 341.502	 16055
 341.504	 16070
 341.506	 16055
 341.509	 16055
 341.511	 16055
 341.513	 16070
 341.516	 16070
 341.518	 16070
 341.520	 16070
 341.523	 16070
 341.525	 16070
 341.527	 16055
 341.530	 16070
 341.532	 16070
 341.534	 16055
 341.537	 16055
 341.539	 16055
 341.541	 16055
 341.544	 16055
 341.546	 16040
 341.548	 16055
 341.551	 16055
 341.553	 16070
 341.555	 16040
 341.558	 16040
 341.560	 16040
 341.562	 16040
 341.565	 16030
 341.567	 16040
 341.570	 16030
 341.572	 16030
 341.574	 16030
 341.577	 16030
 341.579	 16030
 341.581	 16040
 341.584	 16040
 341.586	 16055
 341.588	 16040
 341.591	 16030
 341.593	 16040
 341.595	 16040
 341.598	 16055
 341.600	 16070
