field	3.spe
 332.000	
 332.002	 16120
 332.005	 16120
 332.007	 16120
 332.009	 16120
 332.012	 16120
 332.014	 16135
 332.016	 16110
 332.019	 16120
 332.021	 16120
 332.023	 16120
 332.026	 16120
 332.028	 16120
 332.030	 16120
 332.033	 16120
 332.035	 16110
 332.038	 16120
 332.040	 16110
 332.042	 16110
 332.045	 16110
 332.047	 16120
 332.049	 16120
 332.052	 16120
 332.054	 16120
 332.056	 16110
 332.059	 16110
 332.061	 16120
 332.063	 16110
 332.066	 16110
 332.068	 16120
 332.070	 16120
 332.073	 16135
 332.075	 16120
 332.077	 16120
 332.080	 16110
 332.082	 16110
 332.084	 16120
 332.087	 16135
 332.089	 16120
 332.091	 16110
 332.094	 16110
 332.096	 16110
 332.098	 16095
 332.101	 16095
 332.103	 16095
 332.105	 16110
 332.108	 16110
 332.110	 16110
 332.113	 16095
 332.115	 16095
 332.117	 16095
 332.120	 16095
 332.122	 16110
 332.124	 16095
 332.127	 16095
 332.129	 16110
 332.131	 16110
 332.134	 16110
 332.136	 16110
 332.138	 16110
 332.141	 16095
 332.143	 16110
 332.145	 16110
 332.148	 16095
 332.150	 16110
 332.152	 16110
 332.155	 16110
 332.157	 16110
 332.159	 16120
 332.162	 16120
 332.164	 16120
 332.166	 16120
 332.169	 16120
 332.171	 16120
 332.173	 16120
 332.176	 16120
 332.178	 16110
 332.181	 16110
 332.183	 16110
 332.185	 16110
 332.188	 16110
 332.190	 16110
 332.192	 16095
 332.195	 16110
 332.197	 16110
 332.199	 16110
 332.202	 16120
 332.204	 16120
 332.206	 16120
 332.209	 16110
 332.211	 16110
 332.213	 16120
 332.216	 16110
 332.218	 16110
 332.220	 16110
 332.223	 16110
 332.225	 16110
 332.227	 16120
 332.230	 16110
 332.232	 16110
 332.234	 16110
 332.237	 16110
 332.239	 16120
 332.241	 16110
 332.244	 16110
 332.246	 16110
 332.249	 16095
 332.251	 16095
 332.253	 16095
 332.256	 16095
 332.258	 16095
 332.260	 16110
 332.263	 16110
 332.265	 16110
 332.267	 16110
 332.270	 16120
 332.272	 16095
 332.274	 16110
 332.277	 16120
 332.279	 16120
 332.281	 16120
 332.284	 16120
 332.286	 16120
 332.288	 16135
 332.291	 16135
 332.293	 16135
 332.295	 16110
 332.298	 16110
 332.300	 16110
 332.302	 16110
 332.305	 16120
 332.307	 16120
 332.309	 16120
 332.312	 16110
 332.314	 16110
 332.316	 16110
 332.319	 16120
 332.321	 16095
 332.324	 16110
 332.326	 16095
 332.328	 16095
 332.331	 16080
 332.333	 16080
 332.335	 16095
 332.338	 16095
 332.340	 16110
 332.342	 16110
 332.345	 16095
 332.347	 16095
 332.349	 16095
 332.352	 16110
 332.354	 16110
 332.356	 16110
 332.359	 16120
 332.361	 16110
 332.363	 16110
 332.366	 16110
 332.368	 16110
 332.370	 16110
 332.373	 16110
 332.375	 16120
 332.377	 16120
 332.380	 16120
 332.382	 16135
 332.384	 16120
 332.387	 16120
 332.389	 16120
 332.392	 16120
 332.394	 16120
 332.396	 16120
 332.399	 16120
 332.401	 16120
 332.403	 16120
 332.406	 16120
 332.408	 16120
 332.410	 16150
 332.413	 16135
 332.415	 16135
 332.417	 16120
 332.420	 16120
 332.422	 16120
 332.424	 16110
 332.427	 16110
 332.429	 16110
 332.431	 16110
 332.434	 16110
 332.436	 16110
 332.438	 16110
 332.441	 16120
 332.443	 16120
 332.445	 16120
 332.448	 16120
 332.450	 16120
 332.452	 16120
 332.455	 16120
 332.457	 16110
 332.459	 16120
 332.462	 16110
 332.464	 16120
 332.467	 16120
 332.469	 16135
 332.471	 16110
 332.474	 16110
 332.476	 16110
 332.478	 16110
 332.481	 16135
 332.483	 16135
 332.485	 16120
 332.488	 16120
 332.490	 16135
 332.492	 16135
 332.495	 16135
 332.497	 16150
 332.499	 16150
 332.502	 16150
 332.504	 16150
 332.506	 16135
 332.509	 16150
 332.511	 16150
 332.513	 16150
 332.516	 16160
 332.518	 16150
 332.520	 16150
 332.523	 16175
 332.525	 16160
 332.527	 16160
 332.530	 16160
 332.532	 16150
 332.535	 16150
 332.537	 16150
 332.539	 16150
 332.542	 16150
 332.544	 16150
 332.546	 16150
 332.549	 16150
 332.551	 16150
 332.553	 16150
 332.556	 16150
 332.558	 16150
 332.560	 16150
 332.563	 16150
 332.565	 16135
 332.567	 16135
 332.570	 16135
 332.572	 16135
 332.574	 16120
 332.577	 16120
 332.579	 16120
 332.581	 16120
 332.584	 16135
 332.586	 16135
 332.588	 16135
 332.591	 16120
 332.593	 16135
 332.595	 16135
 332.598	 16135
 332.600	 16120
 332.602	 16135
 332.605	 16120
 332.607	 16120
 332.610	 16120
 332.612	 16120
 332.614	 16120
 332.617	 16120
 332.619	 16110
 332.621	 16110
 332.624	 16110
 332.626	 16120
 332.628	 16110
 332.631	 16110
 332.633	 16110
 332.635	 16135
 332.638	 16120
 332.640	 16120
 332.642	 16135
 332.645	 16135
 332.647	 16120
 332.649	 16120
 332.652	 16120
 332.654	 16120
 332.656	 16135
 332.659	 16135
 332.661	 16135
 332.663	 16150
 332.666	 16150
 332.668	 16150
 332.670	 16150
 332.673	 16150
 332.675	 16150
 332.678	 16150
 332.680	 16135
 332.682	 16135
 332.685	 16150
 332.687	 16175
 332.689	 16150
 332.692	 16135
 332.694	 16150
 332.696	 16135
 332.699	 16135
 332.701	 16135
 332.703	 16135
 332.706	 16135
 332.708	 16110
 332.710	 16110
 332.713	 16110
 332.715	 16110
 332.717	 16120
 332.720	 16120
 332.722	 16120
 332.724	 16120
 332.727	 16135
 332.729	 16135
 332.731	 16135
 332.734	 16150
 332.736	 16150
 332.738	 16150
 332.741	 16150
 332.743	 16150
 332.745	 16150
 332.748	 16150
 332.750	 16150
 332.753	 16150
 332.755	 16150
 332.757	 16150
 332.760	 16150
 332.762	 16150
 332.764	 16160
 332.767	 16150
 332.769	 16150
 332.771	 16150
 332.774	 16150
 332.776	 16160
 332.778	 16150
 332.781	 16150
 332.783	 16150
 332.785	 16150
 332.788	 16135
 332.790	 16150
 332.792	 16160
 332.795	 16150
 332.797	 16135
 332.799	 16160
 332.802	 16160
 332.804	 16160
 332.806	 16150
 332.809	 16150
 332.811	 16135
 332.813	 16135
 332.816	 16150
 332.818	 16135
 332.821	 16120
 332.823	 16120
 332.825	 16135
 332.828	 16135
 332.830	 16120
 332.832	 16150
 332.835	 16150
 332.837	 16150
 332.839	 16150
 332.842	 16135
 332.844	 16120
 332.846	 16120
 332.849	 16150
 332.851	 16150
 332.853	 16135
 332.856	 16135
 332.858	 16150
 332.860	 16150
 332.863	 16150
 332.865	 16160
 332.867	 16160
 332.870	 16160
 332.872	 16160
 332.874	 16150
 332.877	 16135
 332.879	 16135
 332.881	 16150
 332.884	 16135
 332.886	 16150
 332.889	 16150
 332.891	 16150
 332.893	 16160
 332.896	 16160
 332.898	 16150
 332.900	 16150
 332.903	 16150
 332.905	 16150
 332.907	 16150
 332.910	 16150
 332.912	 16150
 332.914	 16150
 332.917	 16150
 332.919	 16150
 332.921	 16150
 332.924	 16160
 332.926	 16160
 332.928	 16160
 332.931	 16160
 332.933	 16160
 332.935	 16160
 332.938	 16160
 332.940	 16160
 332.942	 16160
 332.945	 16160
 332.947	 16150
 332.949	 16175
 332.952	 16160
 332.954	 16175
 332.956	 16160
 332.959	 16175
 332.961	 16175
 332.964	 16160
 332.966	 16160
 332.968	 16160
 332.971	 16160
 332.973	 16160
 332.975	 16160
 332.978	 16160
 332.980	 16160
 332.982	 16160
 332.985	 16160
 332.987	 16150
 332.989	 16135
 332.992	 16135
 332.994	 16135
 332.996	 16135
 332.999	 16135
 333.001	 16135
 333.003	 16150
 333.006	 16150
 333.008	 16150
 333.010	 16150
 333.013	 16135
 333.015	 16135
 333.017	 16150
 333.020	 16150
 333.022	 16135
 333.024	 16135
 333.027	 16150
 333.029	 16160
 333.032	 16160
 333.034	 16160
 333.036	 16175
 333.039	 16175
 333.041	 16175
 333.043	 16160
 333.046	 16175
 333.048	 16175
 333.050	 16160
 333.053	 16175
 333.055	 16175
 333.057	 16175
 333.060	 16160
 333.062	 16150
 333.064	 16150
 333.067	 16160
 333.069	 16160
 333.071	 16150
 333.074	 16150
 333.076	 16160
 333.078	 16150
 333.081	 16160
 333.083	 16160
 333.085	 16150
 333.088	 16160
 333.090	 16160
 333.092	 16150
 333.095	 16150
 333.097	 16160
 333.099	 16160
 333.102	 16160
 333.104	 16150
 333.107	 16150
 333.109	 16150
 333.111	 16160
 333.114	 16160
 333.116	 16160
 333.118	 16175
 333.121	 16160
 333.123	 16175
 333.125	 16175
 333.128	 16190
 333.130	 16175
 333.132	 16175
 333.135	 16190
 333.137	 16190
 333.139	 16175
 333.142	 16175
 333.144	 16160
 333.146	 16175
 333.149	 16175
 333.151	 16160
 333.153	 16190
 333.156	 16190
 333.158	 16190
 333.160	 16190
 333.163	 16175
 333.165	 16175
 333.167	 16175
 333.170	 16190
 333.172	 16190
 333.175	 16190
 333.177	 16190
 333.179	 16190
 333.182	 16200
 333.184	 16190
 333.186	 16190
 333.189	 16175
 333.191	 16190
 333.193	 16175
 333.196	 16175
 333.198	 16175
 333.200	 16175
 333.203	 16160
 333.205	 16160
 333.207	 16160
 333.210	 16175
 333.212	 16175
 333.214	 16160
 333.217	 16160
 333.219	 16160
 333.221	 16160
 333.224	 16175
 333.226	 16175
 333.228	 16175
 333.231	 16175
 333.233	 16160
 333.235	 16150
 333.238	 16160
 333.240	 16175
 333.242	 16175
 333.245	 16175
 333.247	 16175
 333.250	 16175
 333.252	 16190
 333.254	 16190
 333.257	 16190
 333.259	 16190
 333.261	 16190
 333.264	 16190
 333.266	 16190
 333.268	 16190
 333.271	 16190
 333.273	 16190
 333.275	 16190
 333.278	 16190
 333.280	 16175
 333.282	 16190
 333.285	 16190
 333.287	 16190
 333.289	 16190
 333.292	 16175
 333.294	 16175
 333.296	 16175
 333.299	 16175
 333.301	 16190
 333.303	 16190
 333.306	 16160
 333.308	 16175
 333.310	 16190
 333.313	 16175
 333.315	 16160
 333.318	 16175
 333.320	 16160
 333.322	 16175
 333.325	 16160
 333.327	 16160
 333.329	 16160
 333.332	 16160
 333.334	 16160
 333.336	 16160
 333.339	 16160
 333.341	 16160
 333.343	 16160
 333.346	 16160
 333.348	 16160
 333.350	 16160
 333.353	 16160
 333.355	 16160
 333.357	 16160
 333.360	 16160
 333.362	 16160
 333.364	 16160
 333.367	 16175
 333.369	 16190
 333.371	 16190
 333.374	 16160
 333.376	 16175
 333.378	 16175
 333.381	 16160
 333.383	 16160
 333.385	 16160
 333.388	 16175
 333.390	 16175
 333.393	 16175
 333.395	 16175
 333.397	 16175
 333.400	 16175
 333.402	 16175
 333.404	 16175
 333.407	 16190
 333.409	 16190
 333.411	 16190
 333.414	 16190
 333.416	 16190
 333.418	 16200
 333.421	 16200
 333.423	 16200
 333.425	 16200
 333.428	 16200
 333.430	 16190
 333.432	 16190
 333.435	 16190
 333.437	 16190
 333.439	 16175
 333.442	 16160
 333.444	 16190
 333.446	 16175
 333.449	 16190
 333.451	 16190
 333.453	 16190
 333.456	 16190
 333.458	 16200
 333.461	 16190
 333.463	 16190
 333.465	 16190
 333.468	 16190
 333.470	 16190
 333.472	 16200
 333.475	 16200
 333.477	 16190
 333.479	 16175
 333.482	 16175
 333.484	 16175
 333.486	 16160
 333.489	 16175
 333.491	 16160
 333.493	 16160
 333.496	 16175
 333.498	 16150
 333.500	 16160
 333.503	 16160
 333.505	 16160
 333.507	 16175
 333.510	 16175
 333.512	 16175
 333.514	 16175
 333.517	 16160
 333.519	 16160
 333.521	 16160
 333.524	 16160
 333.526	 16160
 333.529	 16150
 333.531	 16150
 333.533	 16150
 333.536	 16150
 333.538	 16160
 333.540	 16175
 333.543	 16175
 333.545	 16175
 333.547	 16175
 333.550	 16160
 333.552	 16175
 333.554	 16175
 333.557	 16175
 333.559	 16160
 333.561	 16160
 333.564	 16175
 333.566	 16150
 333.568	 16160
 333.571	 16160
 333.573	 16160
 333.575	 16175
 333.578	 16160
 333.580	 16160
 333.582	 16160
 333.585	 16160
 333.587	 16160
 333.589	 16160
 333.592	 16175
 333.594	 16160
 333.596	 16175
 333.599	 16150
 333.601	 16175
 333.604	 16160
 333.606	 16160
 333.608	 16175
 333.611	 16175
 333.613	 16175
 333.615	 16175
 333.618	 16200
 333.620	 16190
 333.622	 16190
 333.625	 16190
 333.627	 16190
 333.629	 16190
 333.632	 16190
 333.634	 16175
 333.636	 16175
 333.639	 16175
 333.641	 16175
 333.643	 16175
 333.646	 16175
 333.648	 16175
 333.650	 16175
 333.653	 16175
 333.655	 16175
 333.657	 16175
 333.660	 16175
 333.662	 16175
 333.664	 16160
 333.667	 16175
 333.669	 16160
 333.672	 16160
 333.674	 16160
 333.676	 16160
 333.679	 16150
 333.681	 16150
 333.683	 16150
 333.686	 16160
 333.688	 16160
 333.690	 16160
 333.693	 16160
 333.695	 16175
 333.697	 16175
 333.700	 16190
 333.702	 16175
 333.704	 16160
 333.707	 16175
 333.709	 16190
 333.711	 16175
 333.714	 16175
 333.716	 16190
 333.718	 16160
 333.721	 16175
 333.723	 16175
 333.725	 16190
 333.728	 16190
 333.730	 16190
 333.732	 16200
 333.735	 16200
 333.737	 16200
 333.739	 16200
 333.742	 16200
 333.744	 16200
 333.747	 16200
 333.749	 16190
 333.751	 16200
 333.754	 16200
 333.756	 16190
 333.758	 16190
 333.761	 16200
 333.763	 16200
 333.765	 16200
 333.768	 16200
 333.770	 16190
 333.772	 16190
 333.775	 16190
 333.777	 16175
 333.779	 16175
 333.782	 16175
 333.784	 16175
 333.786	 16175
 333.789	 16190
 333.791	 16190
 333.793	 16175
 333.796	 16175
 333.798	 16190
 333.800	 16175
 333.803	 16175
 333.805	 16175
 333.807	 16160
 333.810	 16160
 333.812	 16175
 333.815	 16160
 333.817	 16160
 333.819	 16160
 333.822	 16160
 333.824	 16160
 333.826	 16150
 333.829	 16160
 333.831	 16160
 333.833	 16150
 333.836	 16175
 333.838	 16175
 333.840	 16175
 333.843	 16175
 333.845	 16190
 333.847	 16175
 333.850	 16175
 333.852	 16190
 333.854	 16175
 333.857	 16175
 333.859	 16200
 333.861	 16200
 333.864	 16190
 333.866	 16200
 333.868	 16190
 333.871	 16200
 333.873	 16190
 333.875	 16190
 333.878	 16190
 333.880	 16190
 333.882	 16190
 333.885	 16190
 333.887	 16190
 333.890	 16175
 333.892	 16175
 333.894	 16175
 333.897	 16190
 333.899	 16190
 333.901	 16175
 333.904	 16160
 333.906	 16175
 333.908	 16190
 333.911	 16190
 333.913	 16175
 333.915	 16175
 333.918	 16160
 333.920	 16190
 333.922	 16190
 333.925	 16175
 333.927	 16160
 333.929	 16160
 333.932	 16160
 333.934	 16160
 333.936	 16175
 333.939	 16175
 333.941	 16175
 333.943	 16175
 333.946	 16175
 333.948	 16190
 333.950	 16190
 333.953	 16190
 333.955	 16190
 333.958	 16175
 333.960	 16190
 333.962	 16200
 333.965	 16200
 333.967	 16200
 333.969	 16200
 333.972	 16200
 333.974	 16190
 333.976	 16200
 333.979	 16200
 333.981	 16190
 333.983	 16200
 333.986	 16200
 333.988	 16215
 333.990	 16215
 333.993	 16215
 333.995	 16190
 333.997	 16190
 334.000	 16190
 334.002	 16190
 334.004	 16190
 334.007	 16190
 334.009	 16190
 334.011	 16190
 334.014	 16160
 334.016	 16190
 334.018	 16190
 334.021	 16190
 334.023	 16190
 334.025	 16175
 334.028	 16190
 334.030	 16200
 334.033	 16190
 334.035	 16200
 334.037	 16200
 334.040	 16200
 334.042	 16200
 334.044	 16200
 334.047	 16200
 334.049	 16200
 334.051	 16200
 334.054	 16215
 334.056	 16200
 334.058	 16200
 334.061	 16200
 334.063	 16200
 334.065	 16215
 334.068	 16230
 334.070	 16215
 334.072	 16215
 334.075	 16200
 334.077	 16215
 334.079	 16200
 334.082	 16215
 334.084	 16215
 334.086	 16215
 334.089	 16215
 334.091	 16215
 334.093	 16215
 334.096	 16215
 334.098	 16200
 334.101	 16200
 334.103	 16200
 334.105	 16200
 334.108	 16200
 334.110	 16230
 334.112	 16215
 334.115	 16215
 334.117	 16215
 334.119	 16230
 334.122	 16215
 334.124	 16215
 334.126	 16230
 334.129	 16230
 334.131	 16230
 334.133	 16240
 334.136	 16240
 334.138	 16230
 334.140	 16215
 334.143	 16240
 334.145	 16230
 334.147	 16230
 334.150	 16230
 334.152	 16230
 334.154	 16230
 334.157	 16230
 334.159	 16230
 334.161	 16230
 334.164	 16230
 334.166	 16230
 334.169	 16230
 334.171	 16215
 334.173	 16230
 334.176	 16215
 334.178	 16215
 334.180	 16215
 334.183	 16230
 334.185	 16230
 334.187	 16215
 334.190	 16230
 334.192	 16240
 334.194	 16240
 334.197	 16240
 334.199	 16240
 334.201	 16240
 334.204	 16240
 334.206	 16240
 334.208	 16230
 334.211	 16240
 334.213	 16240
 334.215	 16240
 334.218	 16240
 334.220	 16240
 334.222	 16240
 334.225	 16240
 334.227	 16240
 334.229	 16255
 334.232	 16240
 334.234	 16240
 334.236	 16255
 334.239	 16255
 334.241	 16255
 334.244	 16255
 334.246	 16255
 334.248	 16270
 334.251	 16270
 334.253	 16280
 334.255	 16270
 334.258	 16270
 334.260	 16270
 334.262	 16255
 334.265	 16255
 334.267	 16280
 334.269	 16280
 334.272	 16270
 334.274	 16270
 334.276	 16270
 334.279	 16270
 334.281	 16255
 334.283	 16270
 334.286	 16270
 334.288	 16270
 334.290	 16270
 334.293	 16270
 334.295	 16270
 334.297	 16270
 334.300	 16270
 334.302	 16270
 334.304	 16280
 334.307	 16270
 334.309	 16280
 334.312	 16270
 334.314	 16280
 334.316	 16270
 334.319	 16270
 334.321	 16280
 334.323	 16280
 334.326	 16295
 334.328	 16280
 334.330	 16280
 334.333	 16280
 334.335	 16270
 334.337	 16270
 334.340	 16280
 334.342	 16295
 334.344	 16295
 334.347	 16295
 334.349	 16295
 334.351	 16295
 334.354	 16270
 334.356	 16270
 334.358	 16295
 334.361	 16295
 334.363	 16280
 334.365	 16295
 334.368	 16295
 334.370	 16295
 334.372	 16310
 334.375	 16310
 334.377	 16310
 334.379	 16320
 334.382	 16320
 334.384	 16310
 334.387	 16310
 334.389	 16295
 334.391	 16295
 334.394	 16295
 334.396	 16295
 334.398	 16310
 334.401	 16310
 334.403	 16320
 334.405	 16320
 334.408	 16320
 334.410	 16320
 334.412	 16320
 334.415	 16320
 334.417	 16320
 334.419	 16335
 334.422	 16360
 334.424	 16335
 334.426	 16350
 334.429	 16350
 334.431	 16350
 334.433	 16350
 334.436	 16350
 334.438	 16350
 334.440	 16360
 334.443	 16360
 334.445	 16360
 334.447	 16360
 334.450	 16360
 334.452	 16360
 334.455	 16350
 334.457	 16350
 334.459	 16350
 334.462	 16350
 334.464	 16350
 334.466	 16350
 334.469	 16350
 334.471	 16360
 334.473	 16360
 334.476	 16375
 334.478	 16400
 334.480	 16400
 334.483	 16400
 334.485	 16375
 334.487	 16390
 334.490	 16390
 334.492	 16390
 334.494	 16390
 334.497	 16390
 334.499	 16400
 334.501	 16400
 334.504	 16400
 334.506	 16400
 334.508	 16400
 334.511	 16400
 334.513	 16415
 334.515	 16415
 334.518	 16430
 334.520	 16415
 334.522	 16415
 334.525	 16400
 334.527	 16415
 334.530	 16415
 334.532	 16430
 334.534	 16430
 334.537	 16430
 334.539	 16430
 334.541	 16430
 334.544	 16430
 334.546	 16430
 334.548	 16430
 334.551	 16455
 334.553	 16470
 334.555	 16455
 334.558	 16470
 334.560	 16455
 334.562	 16455
 334.565	 16440
 334.567	 16440
 334.569	 16440
 334.572	 16455
 334.574	 16430
 334.576	 16455
 334.579	 16470
 334.581	 16455
 334.583	 16455
 334.586	 16455
 334.588	 16480
 334.590	 16480
 334.593	 16480
 334.595	 16495
 334.598	 16510
 334.600	 16495
 334.602	 16495
 334.605	 16495
 334.607	 16495
 334.609	 16495
 334.612	 16510
 334.614	 16520
 334.616	 16520
 334.619	 16535
 334.621	 16535
 334.623	 16535
 334.626	 16535
 334.628	 16535
 334.630	 16535
 334.633	 16535
 334.635	 16535
 334.637	 16535
 334.640	 16535
 334.642	 16535
 334.644	 16535
 334.647	 16535
 334.649	 16550
 334.651	 16550
 334.654	 16550
 334.656	 16550
 334.658	 16560
 334.661	 16550
 334.663	 16550
 334.665	 16560
 334.668	 16575
 334.670	 16560
 334.673	 16575
 334.675	 16575
 334.677	 16575
 334.680	 16575
 334.682	 16575
 334.684	 16575
 334.687	 16590
 334.689	 16600
 334.691	 16590
 334.694	 16590
 334.696	 16600
 334.698	 16600
 334.701	 16600
 334.703	 16600
 334.705	 16600
 334.708	 16600
 334.710	 16600
 334.712	 16600
 334.715	 16600
 334.717	 16615
 334.719	 16630
 334.722	 16640
 334.724	 16640
 334.726	 16640
 334.729	 16640
 334.731	 16630
 334.733	 16640
 334.736	 16640
 334.738	 16640
 334.741	 16670
 334.743	 16670
 334.745	 16670
 334.748	 16670
 334.750	 16670
 334.752	 16695
 334.755	 16695
 334.757	 16710
 334.759	 16710
 334.762	 16710
 334.764	 16710
 334.766	 16695
 334.769	 16695
 334.771	 16695
 334.773	 16710
 334.776	 16710
 334.778	 16710
 334.780	 16710
 334.783	 16710
 334.785	 16710
 334.787	 16710
 334.790	 16695
 334.792	 16695
 334.794	 16695
 334.797	 16710
 334.799	 16710
 334.801	 16720
 334.804	 16720
 334.806	 16735
 334.809	 16735
 334.811	 16735
 334.813	 16735
 334.816	 16735
 334.818	 16735
 334.820	 16750
 334.823	 16750
 334.825	 16750
 334.827	 16750
 334.830	 16750
 334.832	 16750
 334.834	 16750
 334.837	 16750
 334.839	 16750
 334.841	 16760
 334.844	 16760
 334.846	 16760
 334.848	 16760
 334.851	 16790
 334.853	 16775
 334.855	 16790
 334.858	 16790
 334.860	 16790
 334.862	 16800
 334.865	 16800
 334.867	 16790
 334.869	 16800
 334.872	 16800
 334.874	 16800
 334.876	 16800
 334.879	 16800
 334.881	 16800
 334.884	 16815
 334.886	 16830
 334.888	 16830
 334.891	 16840
 334.893	 16830
 334.895	 16830
 334.898	 16830
 334.900	 16830
 334.902	 16840
 334.905	 16840
 334.907	 16840
 334.909	 16830
 334.912	 16840
 334.914	 16830
 334.916	 16830
 334.919	 16815
 334.921	 16815
 334.923	 16830
 334.926	 16830
 334.928	 16830
 334.930	 16830
 334.933	 16830
 334.935	 16840
 334.937	 16830
 334.940	 16840
 334.942	 16840
 334.944	 16855
 334.947	 16840
 334.949	 16840
 334.952	 16855
 334.954	 16840
 334.956	 16855
 334.959	 16855
 334.961	 16855
 334.963	 16855
 334.966	 16855
 334.968	 16855
 334.970	 16855
 334.973	 16855
 334.975	 16855
 334.977	 16855
 334.980	 16855
 334.982	 16855
 334.984	 16840
 334.987	 16855
 334.989	 16870
 334.991	 16870
 334.994	 16870
 334.996	 16870
 334.998	 16870
 335.001	 16870
 335.003	 16870
 335.005	 16880
 335.008	 16870
 335.010	 16870
 335.012	 16880
 335.015	 16880
 335.017	 16870
 335.019	 16855
 335.022	 16855
 335.024	 16855
 335.027	 16855
 335.029	 16880
 335.031	 16880
 335.034	 16880
 335.036	 16870
 335.038	 16870
 335.041	 16870
 335.043	 16870
 335.045	 16870
 335.048	 16880
 335.050	 16870
 335.052	 16870
 335.055	 16870
 335.057	 16870
 335.059	 16870
 335.062	 16855
 335.064	 16870
 335.066	 16855
 335.069	 16840
 335.071	 16840
 335.073	 16830
 335.076	 16830
 335.078	 16840
 335.080	 16840
 335.083	 16840
 335.085	 16830
 335.087	 16830
 335.090	 16830
 335.092	 16815
 335.095	 16830
 335.097	 16830
 335.099	 16830
 335.102	 16840
 335.104	 16830
 335.106	 16830
 335.109	 16830
 335.111	 16815
 335.113	 16815
 335.116	 16815
 335.118	 16815
 335.120	 16800
 335.123	 16790
 335.125	 16790
 335.127	 16790
 335.130	 16790
 335.132	 16775
 335.134	 16775
 335.137	 16775
 335.139	 16760
 335.141	 16775
 335.144	 16760
 335.146	 16750
 335.148	 16735
 335.151	 16735
 335.153	 16735
 335.155	 16735
 335.158	 16735
 335.160	 16720
 335.162	 16720
 335.165	 16735
 335.167	 16720
 335.170	 16720
 335.172	 16720
 335.174	 16720
 335.177	 16720
 335.179	 16710
 335.181	 16710
 335.184	 16710
 335.186	 16710
 335.188	 16710
 335.191	 16710
 335.193	 16710
 335.195	 16710
 335.198	 16710
 335.200	 16710
 335.202	 16680
 335.205	 16680
 335.207	 16670
 335.209	 16655
 335.212	 16670
 335.214	 16670
 335.216	 16670
 335.219	 16670
 335.221	 16670
 335.223	 16670
 335.226	 16670
 335.228	 16640
 335.230	 16630
 335.233	 16640
 335.235	 16640
 335.238	 16640
 335.240	 16640
 335.242	 16630
 335.245	 16630
 335.247	 16630
 335.249	 16615
 335.252	 16630
 335.254	 16600
 335.256	 16600
 335.259	 16600
 335.261	 16600
 335.263	 16590
 335.266	 16590
 335.268	 16590
 335.270	 16575
 335.273	 16590
 335.275	 16590
 335.277	 16590
 335.280	 16560
 335.282	 16560
 335.284	 16560
 335.287	 16560
 335.289	 16560
 335.291	 16560
 335.294	 16550
 335.296	 16550
 335.298	 16550
 335.301	 16550
 335.303	 16535
 335.305	 16535
 335.308	 16535
 335.310	 16520
 335.313	 16535
 335.315	 16535
 335.317	 16520
 335.320	 16510
 335.322	 16495
 335.324	 16510
 335.327	 16510
 335.329	 16520
 335.331	 16510
 335.334	 16510
 335.336	 16510
 335.338	 16520
 335.341	 16510
 335.343	 16510
 335.345	 16510
 335.348	 16495
 335.350	 16495
 335.352	 16480
 335.355	 16480
 335.357	 16480
 335.359	 16480
 335.362	 16480
 335.364	 16470
 335.366	 16455
 335.369	 16455
 335.371	 16440
 335.373	 16455
 335.376	 16455
 335.378	 16440
 335.381	 16430
 335.383	 16455
 335.385	 16455
 335.388	 16455
 335.390	 16440
 335.392	 16430
 335.395	 16430
 335.397	 16430
 335.399	 16430
 335.402	 16430
 335.404	 16430
 335.406	 16430
 335.409	 16430
 335.411	 16430
 335.413	 16430
 335.416	 16430
 335.418	 16430
 335.420	 16430
 335.423	 16430
 335.425	 16415
 335.427	 16415
 335.430	 16400
 335.432	 16415
 335.434	 16400
 335.437	 16400
 335.439	 16400
 335.441	 16390
 335.444	 16400
 335.446	 16375
 335.449	 16390
 335.451	 16400
 335.453	 16400
 335.456	 16400
 335.458	 16400
 335.460	 16400
 335.463	 16400
 335.465	 16400
 335.467	 16390
 335.470	 16390
 335.472	 16390
 335.474	 16375
 335.477	 16375
 335.479	 16390
 335.481	 16390
 335.484	 16390
 335.486	 16390
 335.488	 16375
 335.491	 16375
 335.493	 16375
 335.495	 16375
 335.498	 16375
 335.500	 16375
 335.502	 16390
 335.505	 16390
 335.507	 16390
 335.509	 16400
 335.512	 16400
 335.514	 16400
 335.516	 16400
 335.519	 16415
 335.521	 16415
 335.524	 16415
 335.526	 16430
 335.528	 16415
 335.531	 16440
 335.533	 16440
 335.535	 16430
 335.538	 16440
 335.540	 16440
 335.542	 16440
 335.545	 16440
 335.547	 16440
 335.549	 16440
 335.552	 16440
 335.554	 16440
 335.556	 16455
 335.559	 16480
 335.561	 16470
 335.563	 16470
 335.566	 16470
 335.568	 16470
 335.570	 16470
 335.573	 16470
 335.575	 16480
 335.577	 16510
 335.580	 16510
 335.582	 16495
 335.584	 16495
 335.587	 16510
 335.589	 16510
 335.592	 16510
 335.594	 16510
 335.596	 16520
 335.599	 16520
 335.601	 16520
 335.603	 16510
 335.606	 16510
 335.608	 16510
 335.610	 16520
 335.613	 16550
 335.615	 16535
 335.617	 16550
 335.620	 16560
 335.622	 16560
 335.624	 16560
 335.627	 16560
 335.629	 16560
 335.631	 16575
 335.634	 16575
 335.636	 16600
 335.638	 16600
 335.641	 16600
 335.643	 16600
 335.645	 16600
 335.648	 16615
 335.650	 16615
 335.652	 16630
 335.655	 16630
 335.657	 16630
 335.659	 16630
 335.662	 16640
 335.664	 16640
 335.667	 16655
 335.669	 16655
 335.671	 16670
 335.674	 16680
 335.676	 16680
 335.678	 16695
 335.681	 16695
 335.683	 16695
 335.685	 16695
 335.688	 16710
 335.690	 16710
 335.692	 16710
 335.695	 16710
 335.697	 16710
 335.699	 16710
 335.702	 16720
 335.704	 16720
 335.706	 16735
 335.709	 16735
 335.711	 16760
 335.713	 16775
 335.716	 16775
 335.718	 16775
 335.720	 16775
 335.723	 16775
 335.725	 16775
 335.727	 16815
 335.730	 16800
 335.732	 16815
 335.735	 16830
 335.737	 16840
 335.739	 16840
 335.742	 16855
 335.744	 16855
 335.746	 16855
 335.749	 16870
 335.751	 16870
 335.753	 16880
 335.756	 16880
 335.758	 16880
 335.760	 16880
 335.763	 16895
 335.765	 16910
 335.767	 16920
 335.770	 16920
 335.772	 16920
 335.774	 16910
 335.777	 16920
 335.779	 16935
 335.781	 16950
 335.784	 16950
 335.786	 16960
 335.788	 16950
 335.791	 16935
 335.793	 16960
 335.795	 16975
 335.798	 16960
 335.800	 16960
 335.802	 16975
 335.805	 16960
 335.807	 16960
 335.810	 16975
 335.812	 16990
 335.814	 16975
 335.817	 16975
 335.819	 16990
 335.821	 16990
 335.824	 16990
 335.826	 16990
 335.828	 17000
 335.831	 17015
 335.833	 17015
 335.835	 17015
 335.838	 17015
 335.840	 17015
 335.842	 17015
 335.845	 17015
 335.847	 17015
 335.849	 17030
 335.852	 17015
 335.854	 17030
 335.856	 17015
 335.859	 17015
 335.861	 17030
 335.863	 17030
 335.866	 17030
 335.868	 17040
 335.870	 17040
 335.873	 17040
 335.875	 17070
 335.878	 17070
 335.880	 17070
 335.882	 17070
 335.885	 17070
 335.887	 17070
 335.889	 17070
 335.892	 17080
 335.894	 17080
 335.896	 17080
 335.899	 17080
 335.901	 17080
 335.903	 17070
 335.906	 17095
 335.908	 17095
 335.910	 17070
 335.913	 17070
 335.915	 17080
 335.917	 17070
 335.920	 17080
 335.922	 17080
 335.924	 17080
 335.927	 17080
 335.929	 17080
 335.931	 17080
 335.934	 17080
 335.936	 17070
 335.938	 17070
 335.941	 17070
 335.943	 17070
 335.945	 17070
 335.948	 17070
 335.950	 17070
 335.953	 17080
 335.955	 17080
 335.957	 17080
 335.960	 17080
 335.962	 17080
 335.964	 17070
 335.967	 17070
 335.969	 17070
 335.971	 17070
 335.974	 17055
 335.976	 17040
 335.978	 17040
 335.981	 17055
 335.983	 17055
 335.985	 17070
 335.988	 17070
 335.990	 17055
 335.992	 17055
 335.995	 17040
 335.997	 17040
 335.999	 17030
 336.002	 17030
 336.004	 17030
 336.006	 17030
 336.009	 17030
 336.011	 17030
 336.013	 17015
 336.016	 17015
 336.018	 17015
 336.021	 17000
 336.023	 16990
 336.025	 16990
 336.028	 16990
 336.030	 16975
 336.032	 16960
 336.035	 16960
 336.037	 16950
 336.039	 16950
 336.042	 16960
 336.044	 16920
 336.046	 16935
 336.049	 16935
 336.051	 16935
 336.053	 16935
 336.056	 16920
 336.058	 16920
 336.060	 16910
 336.063	 16895
 336.065	 16895
 336.067	 16895
 336.070	 16895
 336.072	 16880
 336.074	 16895
 336.077	 16880
 336.079	 16870
 336.081	 16855
 336.084	 16840
 336.086	 16840
 336.089	 16840
 336.091	 16830
 336.093	 16830
 336.096	 16815
 336.098	 16790
 336.100	 16790
 336.103	 16775
 336.105	 16775
 336.107	 16775
 336.110	 16760
 336.112	 16760
 336.114	 16760
 336.117	 16750
 336.119	 16735
 336.121	 16735
 336.124	 16735
 336.126	 16710
 336.128	 16710
 336.131	 16695
 336.133	 16680
 336.135	 16680
 336.138	 16670
 336.140	 16670
 336.142	 16655
 336.145	 16640
 336.147	 16640
 336.149	 16630
 336.152	 16615
 336.154	 16615
 336.156	 16615
 336.159	 16600
 336.161	 16600
 336.164	 16590
 336.166	 16590
 336.168	 16575
 336.171	 16560
 336.173	 16550
 336.175	 16550
 336.178	 16550
 336.180	 16535
 336.182	 16535
 336.185	 16535
 336.187	 16535
 336.189	 16520
 336.192	 16495
 336.194	 16495
 336.196	 16495
 336.199	 16495
 336.201	 16495
 336.203	 16470
 336.206	 16470
 336.208	 16470
 336.210	 16470
 336.213	 16470
 336.215	 16440
 336.217	 16455
 336.220	 16430
 336.222	 16430
 336.224	 16415
 336.227	 16415
 336.229	 16400
 336.232	 16390
 336.234	 16390
 336.236	 16390
 336.239	 16390
 336.241	 16375
 336.243	 16375
 336.246	 16360
 336.248	 16360
 336.250	 16350
 336.253	 16350
 336.255	 16350
 336.257	 16320
 336.260	 16320
 336.262	 16320
 336.264	 16320
 336.267	 16310
 336.269	 16310
 336.271	 16310
 336.274	 16295
 336.276	 16295
 336.278	 16310
 336.281	 16310
 336.283	 16295
 336.285	 16295
 336.288	 16280
 336.290	 16270
 336.292	 16270
 336.295	 16280
 336.297	 16280
 336.299	 16270
 336.302	 16255
 336.304	 16270
 336.307	 16255
 336.309	 16255
 336.311	 16255
 336.314	 16240
 336.316	 16240
 336.318	 16230
 336.321	 16230
 336.323	 16230
 336.325	 16230
 336.328	 16200
 336.330	 16200
 336.332	 16215
 336.335	 16215
 336.337	 16200
 336.339	 16200
 336.342	 16190
 336.344	 16200
 336.346	 16190
 336.349	 16190
 336.351	 16200
 336.353	 16200
 336.356	 16200
 336.358	 16200
 336.360	 16200
 336.363	 16190
 336.365	 16190
 336.367	 16190
 336.370	 16190
 336.372	 16200
 336.375	 16190
 336.377	 16190
 336.379	 16190
 336.382	 16190
 336.384	 16200
 336.386	 16200
 336.389	 16200
 336.391	 16200
 336.393	 16200
 336.396	 16200
 336.398	 16200
 336.400	 16200
 336.403	 16215
 336.405	 16200
 336.407	 16190
 336.410	 16190
 336.412	 16190
 336.414	 16200
 336.417	 16200
 336.419	 16200
 336.421	 16215
 336.424	 16215
 336.426	 16215
 336.428	 16215
 336.431	 16215
 336.433	 16215
 336.435	 16215
 336.438	 16215
 336.440	 16215
 336.442	 16215
 336.445	 16215
 336.447	 16230
 336.450	 16230
 336.452	 16255
 336.454	 16255
 336.457	 16255
 336.459	 16255
 336.461	 16255
 336.464	 16255
 336.466	 16270
 336.468	 16270
 336.471	 16270
 336.473	 16255
 336.475	 16280
 336.478	 16280
 336.480	 16270
 336.482	 16280
 336.485	 16295
 336.487	 16295
 336.489	 16310
 336.492	 16310
 336.494	 16310
 336.496	 16320
 336.499	 16335
 336.501	 16335
 336.503	 16335
 336.506	 16335
 336.508	 16360
 336.510	 16360
 336.513	 16360
 336.515	 16375
 336.518	 16375
 336.520	 16400
 336.522	 16400
 336.525	 16415
 336.527	 16415
 336.529	 16415
 336.532	 16440
 336.534	 16440
 336.536	 16470
 336.539	 16470
 336.541	 16455
 336.543	 16455
 336.546	 16470
 336.548	 16470
 336.550	 16480
 336.553	 16480
 336.555	 16470
 336.557	 16480
 336.560	 16495
 336.562	 16510
 336.564	 16510
 336.567	 16535
 336.569	 16520
 336.571	 16535
 336.574	 16535
 336.576	 16550
 336.578	 16560
 336.581	 16560
 336.583	 16560
 336.585	 16560
 336.588	 16560
 336.590	 16600
 336.593	 16600
 336.595	 16615
 336.597	 16630
 336.600	 16655
 336.602	 16655
 336.604	 16655
 336.607	 16655
 336.609	 16670
 336.611	 16680
 336.614	 16680
 336.616	 16680
 336.618	 16695
 336.621	 16720
 336.623	 16720
 336.625	 16720
 336.628	 16735
 336.630	 16750
 336.632	 16760
 336.635	 16775
 336.637	 16775
 336.639	 16775
 336.642	 16800
 336.644	 16800
 336.646	 16800
 336.649	 16800
 336.651	 16815
 336.653	 16830
 336.656	 16840
 336.658	 16840
 336.661	 16855
 336.663	 16840
 336.665	 16870
 336.668	 16870
 336.670	 16880
 336.672	 16870
 336.675	 16870
 336.677	 16880
 336.679	 16880
 336.682	 16895
 336.684	 16895
 336.686	 16910
 336.689	 16910
 336.691	 16920
 336.693	 16920
 336.696	 16910
 336.698	 16920
 336.700	 16920
 336.703	 16920
 336.705	 16920
 336.707	 16920
 336.710	 16920
 336.712	 16950
 336.714	 16950
 336.717	 16950
 336.719	 16950
 336.721	 16960
 336.724	 16960
 336.726	 16960
 336.729	 16950
 336.731	 16950
 336.733	 16975
 336.736	 16990
 336.738	 17000
 336.740	 16990
 336.743	 17000
 336.745	 17000
 336.747	 16990
 336.750	 17015
 336.752	 17000
 336.754	 16990
 336.757	 16990
 336.759	 17000
 336.761	 17015
 336.764	 17015
 336.766	 17015
 336.768	 17015
 336.771	 17015
 336.773	 17015
 336.775	 17015
 336.778	 17040
 336.780	 17040
 336.782	 17030
 336.785	 17030
 336.787	 17030
 336.789	 17015
 336.792	 17015
 336.794	 17015
 336.796	 17030
 336.799	 17030
 336.801	 17030
 336.804	 17040
 336.806	 17030
 336.808	 17030
 336.811	 17030
 336.813	 17030
 336.815	 17015
 336.818	 17030
 336.820	 17015
 336.822	 17030
 336.825	 17015
 336.827	 17015
 336.829	 17015
 336.832	 17015
 336.834	 17015
 336.836	 17015
 336.839	 17000
 336.841	 16990
 336.843	 16990
 336.846	 16990
 336.848	 16990
 336.850	 16975
 336.853	 16990
 336.855	 16990
 336.857	 16975
 336.860	 16960
 336.862	 16975
 336.864	 16960
 336.867	 16960
 336.869	 16960
 336.872	 16950
 336.874	 16935
 336.876	 16935
 336.879	 16920
 336.881	 16920
 336.883	 16910
 336.886	 16895
 336.888	 16895
 336.890	 16880
 336.893	 16880
 336.895	 16855
 336.897	 16855
 336.900	 16830
 336.902	 16830
 336.904	 16830
 336.907	 16800
 336.909	 16800
 336.911	 16800
 336.914	 16800
 336.916	 16800
 336.918	 16790
 336.921	 16775
 336.923	 16775
 336.925	 16775
 336.928	 16750
 336.930	 16735
 336.932	 16720
 336.935	 16710
 336.937	 16710
 336.939	 16710
 336.942	 16695
 336.944	 16680
 336.947	 16680
 336.949	 16670
 336.951	 16670
 336.954	 16655
 336.956	 16640
 336.958	 16640
 336.961	 16630
 336.963	 16615
 336.965	 16590
 336.968	 16590
 336.970	 16575
 336.972	 16560
 336.975	 16550
 336.977	 16535
 336.979	 16535
 336.982	 16510
 336.984	 16520
 336.986	 16495
 336.989	 16480
 336.991	 16480
 336.993	 16455
 336.996	 16440
 336.998	 16430
 337.000	 16415
 337.003	 16400
 337.005	 16390
 337.007	 16375
 337.010	 16375
 337.012	 16360
 337.015	 16335
 337.017	 16320
 337.019	 16310
 337.022	 16295
 337.024	 16295
 337.026	 16270
 337.029	 16270
 337.031	 16255
 337.033	 16240
 337.036	 16230
 337.038	 16215
 337.040	 16215
 337.043	 16190
 337.045	 16200
 337.047	 16190
 337.050	 16160
 337.052	 16150
 337.054	 16135
 337.057	 16135
 337.059	 16120
 337.061	 16095
 337.064	 16070
 337.066	 16070
 337.068	 16070
 337.071	 16070
 337.073	 16040
 337.075	 16030
 337.078	 16015
 337.080	 16015
 337.082	 16000
 337.085	 15975
 337.087	 15960
 337.090	 15960
 337.092	 15950
 337.094	 15920
 337.097	 15920
 337.099	 15910
 337.101	 15910
 337.104	 15880
 337.106	 15870
 337.108	 15855
 337.111	 15840
 337.113	 15830
 337.115	 15830
 337.118	 15815
 337.120	 15815
 337.122	 15800
 337.125	 15775
 337.127	 15775
 337.129	 15760
 337.132	 15750
 337.134	 15735
 337.136	 15720
 337.139	 15720
 337.141	 15720
 337.143	 15695
 337.146	 15695
 337.148	 15695
 337.150	 15680
 337.153	 15670
 337.155	 15640
 337.158	 15640
 337.160	 15640
 337.162	 15640
 337.165	 15615
 337.167	 15630
 337.169	 15615
 337.172	 15600
 337.174	 15590
 337.176	 15590
 337.179	 15590
 337.181	 15560
 337.183	 15550
 337.186	 15550
 337.188	 15560
 337.190	 15535
 337.193	 15520
 337.195	 15520
 337.197	 15520
 337.200	 15480
 337.202	 15480
 337.204	 15480
 337.207	 15470
 337.209	 15470
 337.211	 15455
 337.214	 15430
 337.216	 15415
 337.218	 15400
 337.221	 15400
 337.223	 15400
 337.225	 15390
 337.228	 15390
 337.230	 15375
 337.233	 15400
 337.235	 15390
 337.237	 15390
 337.240	 15400
 337.242	 15375
 337.244	 15375
 337.247	 15360
 337.249	 15360
 337.251	 15350
 337.254	 15360
 337.256	 15350
 337.258	 15335
 337.261	 15350
 337.263	 15350
 337.265	 15335
 337.268	 15335
 337.270	 15335
 337.272	 15335
 337.275	 15335
 337.277	 15335
 337.279	 15320
 337.282	 15320
 337.284	 15320
 337.286	 15310
 337.289	 15310
 337.291	 15310
 337.293	 15320
 337.296	 15320
 337.298	 15320
 337.301	 15320
 337.303	 15320
 337.305	 15320
 337.308	 15320
 337.310	 15310
 337.312	 15320
 337.315	 15310
 337.317	 15310
 337.319	 15310
 337.322	 15335
 337.324	 15335
 337.326	 15335
 337.329	 15335
 337.331	 15335
 337.333	 15335
 337.336	 15335
 337.338	 15335
 337.340	 15335
 337.343	 15320
 337.345	 15335
 337.347	 15335
 337.350	 15350
 337.352	 15350
 337.354	 15360
 337.357	 15350
 337.359	 15350
 337.361	 15350
 337.364	 15360
 337.366	 15350
 337.369	 15350
 337.371	 15350
 337.373	 15360
 337.376	 15375
 337.378	 15375
 337.380	 15375
 337.383	 15390
 337.385	 15390
 337.387	 15390
 337.390	 15390
 337.392	 15375
 337.394	 15400
 337.397	 15390
 337.399	 15390
 337.401	 15390
 337.404	 15390
 337.406	 15400
 337.408	 15400
 337.411	 15400
 337.413	 15430
 337.415	 15440
 337.418	 15440
 337.420	 15455
 337.422	 15455
 337.425	 15455
 337.427	 15470
 337.429	 15480
 337.432	 15480
 337.434	 15470
 337.436	 15480
 337.439	 15480
 337.441	 15480
 337.444	 15495
 337.446	 15510
 337.448	 15520
 337.451	 15520
 337.453	 15520
 337.455	 15520
 337.458	 15535
 337.460	 15535
 337.462	 15560
 337.465	 15560
 337.467	 15575
 337.469	 15575
 337.472	 15575
 337.474	 15615
 337.476	 15600
 337.479	 15600
 337.481	 15600
 337.483	 15630
 337.486	 15615
 337.488	 15615
 337.490	 15630
 337.493	 15630
 337.495	 15640
 337.497	 15655
 337.500	 15670
 337.502	 15680
 337.504	 15680
 337.507	 15710
 337.509	 15710
 337.512	 15710
 337.514	 15710
 337.516	 15710
 337.519	 15710
 337.521	 15735
 337.523	 15735
 337.526	 15735
 337.528	 15735
 337.530	 15750
 337.533	 15720
 337.535	 15750
 337.537	 15750
 337.540	 15760
 337.542	 15760
 337.544	 15775
 337.547	 15775
 337.549	 15775
 337.551	 15790
 337.554	 15815
 337.556	 15815
 337.558	 15830
 337.561	 15840
 337.563	 15840
 337.565	 15840
 337.568	 15855
 337.570	 15870
 337.572	 15855
 337.575	 15870
 337.577	 15870
 337.579	 15880
 337.582	 15880
 337.584	 15880
 337.587	 15880
 337.589	 15880
 337.591	 15895
 337.594	 15895
 337.596	 15895
 337.598	 15920
 337.601	 15935
 337.603	 15935
 337.605	 15935
 337.608	 15935
 337.610	 15935
 337.612	 15950
 337.615	 15950
 337.617	 15960
 337.619	 15960
 337.622	 15960
 337.624	 15960
 337.626	 15975
 337.629	 15975
 337.631	 15990
 337.633	 15990
 337.636	 16000
 337.638	 16000
 337.640	 16000
 337.643	 16015
 337.645	 16015
 337.647	 16030
 337.650	 16030
 337.652	 16030
 337.655	 16030
 337.657	 16015
 337.659	 16015
 337.662	 16015
 337.664	 16030
 337.666	 16015
 337.669	 16030
 337.671	 16040
 337.673	 16040
 337.676	 16055
 337.678	 16055
 337.680	 16070
 337.683	 16070
 337.685	 16070
 337.687	 16070
 337.690	 16070
 337.692	 16070
 337.694	 16055
 337.697	 16070
 337.699	 16070
 337.701	 16070
 337.704	 16070
 337.706	 16070
 337.708	 16070
 337.711	 16080
 337.713	 16080
 337.715	 16095
 337.718	 16080
 337.720	 16095
 337.722	 16080
 337.725	 16110
 337.727	 16080
 337.730	 16080
 337.732	 16095
 337.734	 16110
 337.737	 16110
 337.739	 16095
 337.741	 16095
 337.744	 16095
 337.746	 16095
 337.748	 16110
 337.751	 16095
 337.753	 16095
 337.755	 16095
 337.758	 16095
 337.760	 16095
 337.762	 16080
 337.765	 16080
 337.767	 16080
 337.769	 16080
 337.772	 16055
 337.774	 16055
 337.776	 16070
 337.779	 16070
 337.781	 16070
 337.783	 16055
 337.786	 16055
 337.788	 16055
 337.790	 16055
 337.793	 16040
 337.795	 16040
 337.798	 16055
 337.800	 16055
 337.802	 16040
 337.805	 16030
 337.807	 16040
 337.809	 16040
 337.812	 16040
 337.814	 16040
 337.816	 16015
 337.819	 16015
 337.821	 16015
 337.823	 16000
 337.826	 16000
 337.828	 16000
 337.830	 15975
 337.833	 15990
 337.835	 15990
 337.837	 15975
 337.840	 15990
 337.842	 15960
 337.844	 15975
 337.847	 15960
 337.849	 15975
 337.851	 15960
 337.854	 15950
 337.856	 15935
 337.858	 15920
 337.861	 15920
 337.863	 15920
 337.865	 15920
 337.868	 15920
 337.870	 15920
 337.873	 15910
 337.875	 15910
 337.877	 15880
 337.880	 15870
 337.882	 15870
 337.884	 15880
 337.887	 15870
 337.889	 15855
 337.891	 15855
 337.894	 15855
 337.896	 15840
 337.898	 15830
 337.901	 15830
 337.903	 15815
 337.905	 15815
 337.908	 15815
 337.910	 15815
 337.912	 15800
 337.915	 15790
 337.917	 15790
 337.919	 15775
 337.922	 15750
 337.924	 15760
 337.926	 15750
 337.929	 15750
 337.931	 15735
 337.933	 15710
 337.936	 15720
 337.938	 15695
 337.941	 15695
 337.943	 15680
 337.945	 15680
 337.948	 15680
 337.950	 15670
 337.952	 15670
 337.955	 15655
 337.957	 15655
 337.959	 15615
 337.962	 15615
 337.964	 15615
 337.966	 15600
 337.969	 15600
 337.971	 15600
 337.973	 15590
 337.976	 15575
 337.978	 15560
 337.980	 15575
 337.983	 15560
 337.985	 15550
 337.987	 15550
 337.990	 15535
 337.992	 15520
 337.994	 15520
 337.997	 15510
 337.999	 15510
 338.001	 15510
 338.004	 15510
 338.006	 15510
 338.009	 15510
 338.011	 15495
 338.013	 15480
 338.016	 15480
 338.018	 15470
 338.020	 15470
 338.023	 15470
 338.025	 15470
 338.027	 15455
 338.030	 15455
 338.032	 15455
 338.034	 15440
 338.037	 15440
 338.039	 15430
 338.041	 15430
 338.044	 15430
 338.046	 15415
 338.048	 15415
 338.051	 15415
 338.053	 15400
 338.055	 15390
 338.058	 15390
 338.060	 15390
 338.062	 15375
 338.065	 15360
 338.067	 15360
 338.069	 15360
 338.072	 15350
 338.074	 15350
 338.076	 15350
 338.079	 15335
 338.081	 15320
 338.084	 15320
 338.086	 15320
 338.088	 15310
 338.091	 15295
 338.093	 15310
 338.095	 15310
 338.098	 15280
 338.100	 15280
 338.102	 15280
 338.105	 15280
 338.107	 15280
 338.109	 15255
 338.112	 15255
 338.114	 15255
 338.116	 15255
 338.119	 15240
 338.121	 15240
 338.123	 15240
 338.126	 15240
 338.128	 15230
 338.130	 15240
 338.133	 15240
 338.135	 15240
 338.137	 15230
 338.140	 15215
 338.142	 15230
 338.144	 15230
 338.147	 15215
 338.149	 15215
 338.152	 15200
 338.154	 15200
 338.156	 15200
 338.159	 15200
 338.161	 15200
 338.163	 15200
 338.166	 15200
 338.168	 15200
 338.170	 15200
 338.173	 15200
 338.175	 15200
 338.177	 15200
 338.180	 15215
 338.182	 15215
 338.184	 15175
 338.187	 15200
 338.189	 15200
 338.191	 15200
 338.194	 15200
 338.196	 15190
 338.198	 15200
 338.201	 15215
 338.203	 15215
 338.205	 15215
 338.208	 15215
 338.210	 15215
 338.212	 15215
 338.215	 15215
 338.217	 15230
 338.219	 15215
 338.222	 15230
 338.224	 15230
 338.227	 15230
 338.229	 15230
 338.231	 15240
 338.234	 15230
 338.236	 15230
 338.238	 15230
 338.241	 15230
 338.243	 15240
 338.245	 15255
 338.248	 15255
 338.250	 15255
 338.252	 15255
 338.255	 15255
 338.257	 15255
 338.259	 15255
 338.262	 15255
 338.264	 15255
 338.266	 15270
 338.269	 15280
 338.271	 15280
 338.273	 15295
 338.276	 15295
 338.278	 15295
 338.280	 15295
 338.283	 15280
 338.285	 15320
 338.287	 15295
 338.290	 15320
 338.292	 15320
 338.295	 15320
 338.297	 15310
 338.299	 15310
 338.302	 15335
 338.304	 15350
 338.306	 15350
 338.309	 15350
 338.311	 15350
 338.313	 15360
 338.316	 15360
 338.318	 15360
 338.320	 15360
 338.323	 15360
 338.325	 15375
 338.327	 15375
 338.330	 15360
 338.332	 15375
 338.334	 15375
 338.337	 15390
 338.339	 15390
 338.341	 15390
 338.344	 15390
 338.346	 15400
 338.348	 15415
 338.351	 15415
 338.353	 15430
 338.355	 15430
 338.358	 15430
 338.360	 15440
 338.362	 15440
 338.365	 15455
 338.367	 15455
 338.370	 15455
 338.372	 15455
 338.374	 15455
 338.377	 15470
 338.379	 15470
 338.381	 15480
 338.384	 15455
 338.386	 15480
 338.388	 15495
 338.391	 15480
 338.393	 15495
 338.395	 15495
 338.398	 15510
 338.400	 15510
 338.402	 15510
 338.405	 15520
 338.407	 15535
 338.409	 15535
 338.412	 15550
 338.414	 15550
 338.416	 15575
 338.419	 15575
 338.421	 15560
 338.423	 15575
 338.426	 15590
 338.428	 15590
 338.430	 15590
 338.433	 15600
 338.435	 15600
 338.438	 15600
 338.440	 15615
 338.442	 15630
 338.445	 15630
 338.447	 15630
 338.449	 15630
 338.452	 15630
 338.454	 15630
 338.456	 15630
 338.459	 15640
 338.461	 15670
 338.463	 15670
 338.466	 15670
 338.468	 15680
 338.470	 15680
 338.473	 15680
 338.475	 15680
 338.477	 15680
 338.480	 15695
 338.482	 15710
 338.484	 15720
 338.487	 15720
 338.489	 15720
 338.491	 15750
 338.494	 15750
 338.496	 15750
 338.498	 15760
 338.501	 15760
 338.503	 15760
 338.505	 15760
 338.508	 15760
 338.510	 15760
 338.513	 15760
 338.515	 15775
 338.517	 15760
 338.520	 15775
 338.522	 15775
 338.524	 15790
 338.527	 15800
 338.529	 15815
 338.531	 15815
 338.534	 15815
 338.536	 15815
 338.538	 15815
 338.541	 15815
 338.543	 15830
 338.545	 15830
 338.548	 15840
 338.550	 15830
 338.552	 15840
 338.555	 15840
 338.557	 15840
 338.559	 15840
 338.562	 15840
 338.564	 15855
 338.566	 15855
 338.569	 15840
 338.571	 15840
 338.573	 15855
 338.576	 15870
 338.578	 15870
 338.581	 15870
 338.583	 15870
 338.585	 15870
 338.588	 15870
 338.590	 15870
 338.592	 15870
 338.595	 15870
 338.597	 15895
 338.599	 15870
 338.602	 15870
 338.604	 15895
 338.606	 15880
 338.609	 15895
 338.611	 15895
 338.613	 15895
 338.616	 15895
 338.618	 15895
 338.620	 15895
 338.623	 15910
 338.625	 15910
 338.627	 15910
 338.630	 15895
 338.632	 15895
 338.634	 15895
 338.637	 15895
 338.639	 15895
 338.641	 15880
 338.644	 15895
 338.646	 15895
 338.649	 15895
 338.651	 15895
 338.653	 15895
 338.656	 15895
 338.658	 15895
 338.660	 15895
 338.663	 15895
 338.665	 15895
 338.667	 15895
 338.670	 15910
 338.672	 15895
 338.674	 15895
 338.677	 15895
 338.679	 15895
 338.681	 15895
 338.684	 15880
 338.686	 15870
 338.688	 15870
 338.691	 15870
 338.693	 15880
 338.695	 15880
 338.698	 15880
 338.700	 15880
 338.702	 15880
 338.705	 15895
 338.707	 15895
 338.709	 15880
 338.712	 15880
 338.714	 15870
 338.716	 15870
 338.719	 15870
 338.721	 15855
 338.724	 15855
 338.726	 15855
 338.728	 15840
 338.731	 15840
 338.733	 15830
 338.735	 15830
 338.738	 15830
 338.740	 15830
 338.742	 15815
 338.745	 15815
 338.747	 15815
 338.749	 15815
 338.752	 15800
 338.754	 15800
 338.756	 15800
 338.759	 15800
 338.761	 15790
 338.763	 15790
 338.766	 15800
 338.768	 15790
 338.770	 15790
 338.773	 15775
 338.775	 15790
 338.777	 15790
 338.780	 15790
 338.782	 15775
 338.784	 15775
 338.787	 15760
 338.789	 15760
 338.792	 15760
 338.794	 15760
 338.796	 15760
 338.799	 15760
 338.801	 15750
 338.803	 15750
 338.806	 15735
 338.808	 15720
 338.810	 15720
 338.813	 15735
 338.815	 15720
 338.817	 15720
 338.820	 15720
 338.822	 15710
 338.824	 15710
 338.827	 15680
 338.829	 15680
 338.831	 15680
 338.834	 15680
 338.836	 15670
 338.838	 15670
 338.841	 15655
 338.843	 15655
 338.845	 15655
 338.848	 15655
 338.850	 15640
 338.852	 15630
 338.855	 15640
 338.857	 15630
 338.859	 15630
 338.862	 15630
 338.864	 15630
 338.867	 15630
 338.869	 15630
 338.871	 15615
 338.874	 15615
 338.876	 15615
 338.878	 15615
 338.881	 15615
 338.883	 15615
 338.885	 15615
 338.888	 15615
 338.890	 15615
 338.892	 15615
 338.895	 15600
 338.897	 15600
 338.899	 15600
 338.902	 15600
 338.904	 15600
 338.906	 15590
 338.909	 15560
 338.911	 15550
 338.913	 15560
 338.916	 15575
 338.918	 15550
 338.920	 15575
 338.923	 15560
 338.925	 15550
 338.927	 15550
 338.930	 15550
 338.932	 15550
 338.935	 15550
 338.937	 15550
 338.939	 15535
 338.942	 15520
 338.944	 15520
 338.946	 15520
 338.949	 15520
 338.951	 15520
 338.953	 15520
 338.956	 15520
 338.958	 15520
 338.960	 15520
 338.963	 15520
 338.965	 15495
 338.967	 15495
 338.970	 15495
 338.972	 15495
 338.974	 15480
 338.977	 15470
 338.979	 15470
 338.981	 15480
 338.984	 15440
 338.986	 15455
 338.988	 15455
 338.991	 15455
 338.993	 15440
 338.995	 15440
 338.998	 15440
 339.000	 15430
 339.002	 15440
 339.005	 15440
 339.007	 15455
 339.010	 15455
 339.012	 15455
 339.014	 15440
 339.017	 15440
 339.019	 15440
 339.021	 15440
 339.024	 15440
 339.026	 15440
 339.028	 15430
 339.031	 15430
 339.033	 15440
 339.035	 15430
 339.038	 15415
 339.040	 15430
 339.042	 15415
 339.045	 15415
 339.047	 15430
 339.049	 15415
 339.052	 15415
 339.054	 15400
 339.056	 15400
 339.059	 15400
 339.061	 15400
 339.063	 15390
 339.066	 15400
 339.068	 15415
 339.070	 15400
 339.073	 15415
 339.075	 15415
 339.078	 15415
 339.080	 15415
 339.082	 15400
 339.085	 15400
 339.087	 15400
 339.089	 15400
 339.092	 15400
 339.094	 15400
 339.096	 15415
 339.099	 15415
 339.101	 15400
 339.103	 15400
 339.106	 15400
 339.108	 15400
 339.110	 15400
 339.113	 15400
 339.115	 15400
 339.117	 15390
 339.120	 15390
 339.122	 15390
 339.124	 15400
 339.127	 15375
 339.129	 15390
 339.131	 15375
 339.134	 15390
 339.136	 15375
 339.138	 15360
 339.141	 15390
 339.143	 15400
 339.145	 15400
 339.148	 15400
 339.150	 15400
 339.153	 15400
 339.155	 15415
 339.157	 15400
 339.160	 15400
 339.162	 15400
 339.164	 15400
 339.167	 15390
 339.169	 15415
 339.171	 15415
 339.174	 15415
 339.176	 15415
 339.178	 15415
 339.181	 15415
 339.183	 15415
 339.185	 15430
 339.188	 15440
 339.190	 15430
 339.192	 15430
 339.195	 15430
 339.197	 15440
 339.199	 15440
 339.202	 15455
 339.204	 15440
 339.206	 15440
 339.209	 15455
 339.211	 15470
 339.213	 15470
 339.216	 15470
 339.218	 15470
 339.221	 15455
 339.223	 15455
 339.225	 15455
 339.228	 15455
 339.230	 15470
 339.232	 15480
 339.235	 15480
 339.237	 15470
 339.239	 15470
 339.242	 15470
 339.244	 15480
 339.246	 15470
 339.249	 15480
 339.251	 15510
 339.253	 15510
 339.256	 15510
 339.258	 15510
 339.260	 15495
 339.263	 15510
 339.265	 15495
 339.267	 15510
 339.270	 15520
 339.272	 15510
 339.274	 15520
 339.277	 15535
 339.279	 15535
 339.281	 15535
 339.284	 15550
 339.286	 15550
 339.289	 15550
 339.291	 15535
 339.293	 15550
 339.296	 15550
 339.298	 15550
 339.300	 15550
 339.303	 15550
 339.305	 15550
 339.307	 15550
 339.310	 15560
 339.312	 15575
 339.314	 15575
 339.317	 15575
 339.319	 15575
 339.321	 15575
 339.324	 15575
 339.326	 15590
 339.328	 15600
 339.331	 15600
 339.333	 15575
 339.335	 15590
 339.338	 15600
 339.340	 15600
 339.342	 15600
 339.345	 15615
 339.347	 15615
 339.349	 15615
 339.352	 15615
 339.354	 15615
 339.356	 15630
 339.359	 15630
 339.361	 15630
 339.364	 15615
 339.366	 15615
 339.368	 15630
 339.371	 15630
 339.373	 15640
 339.375	 15640
 339.378	 15640
 339.380	 15630
 339.382	 15630
 339.385	 15630
 339.387	 15655
 339.389	 15655
 339.392	 15655
 339.394	 15670
 339.396	 15655
 339.399	 15655
 339.401	 15655
 339.403	 15655
 339.406	 15655
 339.408	 15670
 339.410	 15655
 339.413	 15670
 339.415	 15680
 339.417	 15680
 339.420	 15695
 339.422	 15710
 339.424	 15710
 339.427	 15695
 339.429	 15695
 339.432	 15695
 339.434	 15695
 339.436	 15710
 339.439	 15695
 339.441	 15695
 339.443	 15695
 339.446	 15695
 339.448	 15695
 339.450	 15710
 339.453	 15695
 339.455	 15710
 339.457	 15695
 339.460	 15710
 339.462	 15710
 339.464	 15710
 339.467	 15710
 339.469	 15710
 339.471	 15710
 339.474	 15710
 339.476	 15710
 339.478	 15710
 339.481	 15710
 339.483	 15720
 339.485	 15735
 339.488	 15735
 339.490	 15735
 339.492	 15735
 339.495	 15735
 339.497	 15750
 339.499	 15750
 339.502	 15750
 339.504	 15750
 339.507	 15750
 339.509	 15750
 339.511	 15750
 339.514	 15760
 339.516	 15760
 339.518	 15760
 339.521	 15775
 339.523	 15775
 339.525	 15790
 339.528	 15775
 339.530	 15760
 339.532	 15775
 339.535	 15775
 339.537	 15775
 339.539	 15775
 339.542	 15775
 339.544	 15790
 339.546	 15800
 339.549	 15790
 339.551	 15790
 339.553	 15800
 339.556	 15800
 339.558	 15800
 339.560	 15815
 339.563	 15830
 339.565	 15830
 339.567	 15830
 339.570	 15815
 339.572	 15830
 339.575	 15815
 339.577	 15830
 339.579	 15840
 339.582	 15840
 339.584	 15830
 339.586	 15830
 339.589	 15830
 339.591	 15830
 339.593	 15830
 339.596	 15830
 339.598	 15830
 339.600	 15830
 339.603	 15830
 339.605	 15830
 339.607	 15840
 339.610	 15840
 339.612	 15840
 339.614	 15840
 339.617	 15840
 339.619	 15870
 339.621	 15855
 339.624	 15855
 339.626	 15870
 339.628	 15855
 339.631	 15855
 339.633	 15855
 339.635	 15855
 339.638	 15855
 339.640	 15855
 339.642	 15855
 339.645	 15840
 339.647	 15870
 339.650	 15855
 339.652	 15870
 339.654	 15870
 339.657	 15880
 339.659	 15880
 339.661	 15870
 339.664	 15870
 339.666	 15870
 339.668	 15895
 339.671	 15880
 339.673	 15895
 339.675	 15895
 339.678	 15895
 339.680	 15910
 339.682	 15910
 339.685	 15910
 339.687	 15910
 339.689	 15910
 339.692	 15910
 339.694	 15920
 339.696	 15920
 339.699	 15920
 339.701	 15920
 339.703	 15920
 339.706	 15920
 339.708	 15920
 339.710	 15920
 339.713	 15920
 339.715	 15920
 339.718	 15920
 339.720	 15935
 339.722	 15920
 339.725	 15920
 339.727	 15920
 339.729	 15920
 339.732	 15910
 339.734	 15920
 339.736	 15920
 339.739	 15935
 339.741	 15935
 339.743	 15950
 339.746	 15920
 339.748	 15950
 339.750	 15950
 339.753	 15950
 339.755	 15950
 339.757	 15950
 339.760	 15935
 339.762	 15935
 339.764	 15950
 339.767	 15950
 339.769	 15950
 339.771	 15935
 339.774	 15935
 339.776	 15950
 339.778	 15950
 339.781	 15960
 339.783	 15960
 339.785	 15950
 339.788	 15935
 339.790	 15950
 339.793	 15950
 339.795	 15950
 339.797	 15950
 339.800	 15950
 339.802	 15960
 339.804	 15960
 339.807	 15960
 339.809	 15950
 339.811	 15950
 339.814	 15935
 339.816	 15935
 339.818	 15935
 339.821	 15950
 339.823	 15935
 339.825	 15950
 339.828	 15960
 339.830	 15975
 339.832	 15960
 339.835	 15960
 339.837	 15960
 339.839	 15960
 339.842	 15950
 339.844	 15960
 339.846	 15960
 339.849	 15960
 339.851	 15990
 339.853	 15990
 339.856	 15990
 339.858	 15975
 339.861	 15990
 339.863	 16000
 339.865	 15990
 339.868	 15990
 339.870	 15990
 339.872	 16000
 339.875	 16000
 339.877	 16000
 339.879	 16000
 339.882	 16000
 339.884	 16000
 339.886	 16000
 339.889	 16015
 339.891	 16015
 339.893	 16000
 339.896	 16000
 339.898	 16015
 339.900	 16015
 339.903	 16000
 339.905	 16015
 339.907	 16015
 339.910	 16030
 339.912	 16030
 339.914	 16015
 339.917	 16015
 339.919	 16015
 339.921	 16040
 339.924	 16030
 339.926	 16015
 339.929	 16030
 339.931	 16040
 339.933	 16040
 339.936	 16055
 339.938	 16030
 339.940	 16040
 339.943	 16040
 339.945	 16040
 339.947	 16040
 339.950	 16040
 339.952	 16030
 339.954	 16040
 339.957	 16015
 339.959	 16030
 339.961	 16030
 339.964	 16015
 339.966	 16015
 339.968	 16015
 339.971	 16015
 339.973	 16015
 339.975	 16030
 339.978	 16030
 339.980	 16030
 339.982	 16030
 339.985	 16030
 339.987	 16040
 339.989	 16040
 339.992	 16040
 339.994	 16040
 339.996	 16040
 339.999	 16055
 340.001	 16055
 340.004	 16070
 340.006	 16070
 340.008	 16070
 340.011	 16055
 340.013	 16040
 340.015	 16055
 340.018	 16055
 340.020	 16070
 340.022	 16070
 340.025	 16040
 340.027	 16040
 340.029	 16040
 340.032	 16040
 340.034	 16055
 340.036	 16055
 340.039	 16055
 340.041	 16070
 340.043	 16055
 340.046	 16070
 340.048	 16070
 340.050	 16070
 340.053	 16070
 340.055	 16070
 340.057	 16070
 340.060	 16070
 340.062	 16070
 340.064	 16080
 340.067	 16080
 340.069	 16080
 340.072	 16070
 340.074	 16080
 340.076	 16040
 340.079	 16070
 340.081	 16070
 340.083	 16070
 340.086	 16070
 340.088	 16070
 340.090	 16080
 340.093	 16070
 340.095	 16070
 340.097	 16070
 340.100	 16070
 340.102	 16070
 340.104	 16070
 340.107	 16070
 340.109	 16070
 340.111	 16080
 340.114	 16080
 340.116	 16080
 340.118	 16070
 340.121	 16070
 340.123	 16070
 340.125	 16070
 340.128	 16070
 340.130	 16070
 340.132	 16080
 340.135	 16080
 340.137	 16070
 340.139	 16070
 340.142	 16070
 340.144	 16070
 340.147	 16070
 340.149	 16070
 340.151	 16070
 340.154	 16080
 340.156	 16080
 340.158	 16080
 340.161	 16080
 340.163	 16080
 340.165	 16080
 340.168	 16080
 340.170	 16070
 340.172	 16080
 340.175	 16080
 340.177	 16070
 340.179	 16080
 340.182	 16095
 340.184	 16095
 340.186	 16080
 340.189	 16080
 340.191	 16080
 340.193	 16080
 340.196	 16080
 340.198	 16080
 340.200	 16080
 340.203	 16070
 340.205	 16080
 340.207	 16080
 340.210	 16080
 340.212	 16080
 340.215	 16080
 340.217	 16080
 340.219	 16095
 340.222	 16080
 340.224	 16080
 340.226	 16095
 340.229	 16080
 340.231	 16080
 340.233	 16080
 340.236	 16080
 340.238	 16080
 340.240	 16080
 340.243	 16080
 340.245	 16095
 340.247	 16095
 340.250	 16095
 340.252	 16110
 340.254	 16110
 340.257	 16095
 340.259	 16095
 340.261	 16095
 340.264	 16095
 340.266	 16080
 340.268	 16080
 340.271	 16095
 340.273	 16080
 340.275	 16095
 340.278	 16095
 340.280	 16095
 340.282	 16095
 340.285	 16095
 340.287	 16095
 340.290	 16095
 340.292	 16110
 340.294	 16110
 340.297	 16110
 340.299	 16120
 340.301	 16120
 340.304	 16120
 340.306	 16120
 340.308	 16120
 340.311	 16120
 340.313	 16120
 340.315	 16095
 340.318	 16095
 340.320	 16095
 340.322	 16095
 340.325	 16095
 340.327	 16095
 340.329	 16095
 340.332	 16110
 340.334	 16110
 340.336	 16110
 340.339	 16120
 340.341	 16120
 340.343	 16120
 340.346	 16120
 340.348	 16120
 340.350	 16135
 340.353	 16120
 340.355	 16135
 340.358	 16135
 340.360	 16135
 340.362	 16135
 340.365	 16120
 340.367	 16135
 340.369	 16135
 340.372	 16135
 340.374	 16135
 340.376	 16120
 340.379	 16135
 340.381	 16120
 340.383	 16120
 340.386	 16135
 340.388	 16120
 340.390	 16120
 340.393	 16120
 340.395	 16120
 340.397	 16120
 340.400	 16120
 340.402	 16110
 340.404	 16120
 340.407	 16120
 340.409	 16110
 340.411	 16110
 340.414	 16110
 340.416	 16110
 340.418	 16110
 340.421	 16120
 340.423	 16120
 340.425	 16135
 340.428	 16120
 340.430	 16120
 340.433	 16120
 340.435	 16120
 340.437	 16120
 340.440	 16120
 340.442	 16120
 340.444	 16120
 340.447	 16120
 340.449	 16135
 340.451	 16120
 340.454	 16120
 340.456	 16120
 340.458	 16135
 340.461	 16135
 340.463	 16135
 340.465	 16135
 340.468	 16135
 340.470	 16135
 340.472	 16150
 340.475	 16135
 340.477	 16150
 340.479	 16150
 340.482	 16150
 340.484	 16135
 340.486	 16150
 340.489	 16150
 340.491	 16175
 340.493	 16160
 340.496	 16160
 340.498	 16150
 340.501	 16150
 340.503	 16160
 340.505	 16150
 340.508	 16150
 340.510	 16135
 340.512	 16150
 340.515	 16160
 340.517	 16160
 340.519	 16150
 340.522	 16150
 340.524	 16150
 340.526	 16150
 340.529	 16160
 340.531	 16160
 340.533	 16160
 340.536	 16160
 340.538	 16160
 340.540	 16150
 340.543	 16160
 340.545	 16160
 340.547	 16150
 340.550	 16135
 340.552	 16135
 340.554	 16150
 340.557	 16150
 340.559	 16135
 340.561	 16150
 340.564	 16150
 340.566	 16150
 340.569	 16150
 340.571	 16150
 340.573	 16135
 340.576	 16150
 340.578	 16150
 340.580	 16150
 340.583	 16150
 340.585	 16135
 340.587	 16120
 340.590	 16120
 340.592	 16120
 340.594	 16135
 340.597	 16120
 340.599	 16120
 340.601	 16120
 340.604	 16120
 340.606	 16110
 340.608	 16110
 340.611	 16120
 340.613	 16135
 340.615	 16135
 340.618	 16135
 340.620	 16120
 340.622	 16135
 340.625	 16135
 340.627	 16120
 340.629	 16120
 340.632	 16120
 340.634	 16135
 340.636	 16150
 340.639	 16150
 340.641	 16120
 340.644	 16110
 340.646	 16120
 340.648	 16110
 340.651	 16110
 340.653	 16110
 340.655	 16110
 340.658	 16095
 340.660	 16120
 340.662	 16095
 340.665	 16095
 340.667	 16110
 340.669	 16110
 340.672	 16110
 340.674	 16110
 340.676	 16110
 340.679	 16120
 340.681	 16120
 340.683	 16110
 340.686	 16110
 340.688	 16095
 340.690	 16095
 340.693	 16095
 340.695	 16095
 340.697	 16095
 340.700	 16095
 340.702	 16080
 340.704	 16095
 340.707	 16095
 340.709	 16095
 340.712	 16080
 340.714	 16080
 340.716	 16080
 340.719	 16080
 340.721	 16080
 340.723	 16080
 340.726	 16070
 340.728	 16095
 340.730	 16095
 340.733	 16095
 340.735	 16095
 340.737	 16095
 340.740	 16095
 340.742	 16095
 340.744	 16095
 340.747	 16095
 340.749	 16095
 340.751	 16080
 340.754	 16080
 340.756	 16080
 340.758	 16080
 340.761	 16070
 340.763	 16070
 340.765	 16080
 340.768	 16080
 340.770	 16080
 340.772	 16095
 340.775	 16080
 340.777	 16080
 340.779	 16095
 340.782	 16095
 340.784	 16080
 340.787	 16095
 340.789	 16080
 340.791	 16080
 340.794	 16080
 340.796	 16080
 340.798	 16070
 340.801	 16080
 340.803	 16080
 340.805	 16080
 340.808	 16080
 340.810	 16080
 340.812	 16070
 340.815	 16080
 340.817	 16080
 340.819	 16095
 340.822	 16095
 340.824	 16095
 340.826	 16080
 340.829	 16080
 340.831	 16095
 340.833	 16095
 340.836	 16080
 340.838	 16080
 340.840	 16080
 340.843	 16095
 340.845	 16095
 340.847	 16080
 340.850	 16080
 340.852	 16080
 340.855	 16080
 340.857	 16095
 340.859	 16080
 340.862	 16080
 340.864	 16080
 340.866	 16095
 340.869	 16095
 340.871	 16095
 340.873	 16095
 340.876	 16095
 340.878	 16080
 340.880	 16070
 340.883	 16070
 340.885	 16070
 340.887	 16070
 340.890	 16070
 340.892	 16070
 340.894	 16070
 340.897	 16070
 340.899	 16080
 340.901	 16080
 340.904	 16080
 340.906	 16080
 340.908	 16095
 340.911	 16095
 340.913	 16070
 340.915	 16070
 340.918	 16070
 340.920	 16070
 340.922	 16070
 340.925	 16070
 340.927	 16080
 340.930	 16095
 340.932	 16080
 340.934	 16080
 340.937	 16080
 340.939	 16095
 340.941	 16110
 340.944	 16110
 340.946	 16095
 340.948	 16110
 340.951	 16095
 340.953	 16095
 340.955	 16095
 340.958	 16095
 340.960	 16095
 340.962	 16095
 340.965	 16080
 340.967	 16070
 340.969	 16070
 340.972	 16080
 340.974	 16095
 340.976	 16080
 340.979	 16080
 340.981	 16080
 340.983	 16070
 340.986	 16070
 340.988	 16070
 340.990	 16070
 340.993	 16070
 340.995	 16070
 340.998	 16095
 341.000	 16080
 341.002	 16080
 341.005	 16095
 341.007	 16095
 341.009	 16095
 341.012	 16080
 341.014	 16080
 341.016	 16095
 341.019	 16110
 341.021	 16095
 341.023	 16095
 341.026	 16095
 341.028	 16095
 341.030	 16095
 341.033	 16095
 341.035	 16080
 341.037	 16080
 341.040	 16080
 341.042	 16080
 341.044	 16095
 341.047	 16110
 341.049	 16095
 341.051	 16095
 341.054	 16095
 341.056	 16095
 341.058	 16080
 341.061	 16095
 341.063	 16095
 341.065	 16095
 341.068	 16095
 341.070	 16095
 341.073	 16095
 341.075	 16095
 341.077	 16095
 341.080	 16095
 341.082	 16095
 341.084	 16095
 341.087	 16095
 341.089	 16095
 341.091	 16095
 341.094	 16110
 341.096	 16095
 341.098	 16095
 341.101	 16080
 341.103	 16080
 341.105	 16110
 341.108	 16120
 341.110	 16110
 341.112	 16110
 341.115	 16110
 341.117	 16080
 341.119	 16110
 341.122	 16095
 341.124	 16095
 341.126	 16095
 341.129	 16095
 341.131	 16095
 341.133	 16080
 341.136	 16095
 341.138	 16080
 341.141	 16095
 341.143	 16070
 341.145	 16070
 341.148	 16080
 341.150	 16080
 341.152	 16080
 341.155	 16095
 341.157	 16095
 341.159	 16095
 341.162	 16095
 341.164	 16080
 341.166	 16070
 341.169	 16095
 341.171	 16080
 341.173	 16080
 341.176	 16080
 341.178	 16095
 341.180	 16095
 341.183	 16080
 341.185	 16080
 341.187	 16080
 341.190	 16080
 341.192	 16095
 341.194	 16080
 341.197	 16080
 341.199	 16095
 341.201	 16095
 341.204	 16095
 341.206	 16095
 341.209	 16080
 341.211	 16095
 341.213	 16080
 341.216	 16095
 341.218	 16095
 341.220	 16080
 341.223	 16095
 341.225	 16080
 341.227	 16080
 341.230	 16080
 341.232	 16080
 341.234	 16080
 341.237	 16080
 341.239	 16080
 341.241	 16080
 341.244	 16080
 341.246	 16080
 341.248	 16080
 341.251	 16095
 341.253	 16095
 341.255	 16095
 341.258	 16095
 341.260	 16095
 341.262	 16095
 341.265	 16095
 341.267	 16110
 341.269	 16110
 341.272	 16095
 341.274	 16110
 341.276	 16080
 341.279	 16080
 341.281	 16080
 341.284	 16080
 341.286	 16080
 341.288	 16095
 341.291	 16095
 341.293	 16095
 341.295	 16095
 341.298	 16080
 341.300	 16080
 341.302	 16080
 341.305	 16080
 341.307	 16080
 341.309	 16080
 341.312	 16110
 341.314	 16110
 341.316	 16110
 341.319	 16110
 341.321	 16095
 341.323	 16080
 341.326	 16080
 341.328	 16080
 341.330	 16095
 341.333	 16080
 341.335	 16080
 341.337	 16080
 341.340	 16080
 341.342	 16080
 341.344	 16070
 341.347	 16080
 341.349	 16080
 341.352	 16080
 341.354	 16070
 341.356	 16070
 341.359	 16070
 341.361	 16070
 341.363	 16055
 341.366	 16055
 341.368	 16070
 341.370	 16070
 341.373	 16070
 341.375	 16070
 341.377	 16080
 341.380	 16080
 341.382	 16080
 341.384	 16070
 341.387	 16070
 341.389	 16070
 341.391	 16080
 341.394	 16095
 341.396	 16095
 341.398	 16095
 341.401	 16080
 341.403	 16080
 341.405	 16095
 341.408	 16080
 341.410	 16080
 341.412	 16080
 341.415	 16080
 341.417	 16080
 341.419	 16080
 341.422	 16080
 341.424	 16080
 341.427	 16080
 341.429	 16080
 341.431	 16080
 341.434	 16080
 341.436	 16080
 341.438	 16080
 341.441	 16080
 341.443	 16080
 341.445	 16080
 341.448	 16080
 341.450	 16070
 341.452	 16070
 341.455	 16070
 341.457	 16070
 341.459	 16070
 341.462	 16070
 341.464	 16070
 341.466	 16070
 341.469	 16070
 341.471	 16095
 341.473	 16080
 341.476	 16070
 341.478	 16080
 341.480	 16080
 341.483	 16070
 341.485	 16070
 341.487	 16070
 341.490	 16070
 341.492	 16055
 341.495	 16055
 341.497	 16055
 341.499	 16070
 341.502	 16070
 341.504	 16070
 341.506	 16070
 341.509	 16070
 341.511	 16070
 341.513	 16055
 341.516	 16055
 341.518	 16055
 341.520	 16070
 341.523	 16080
 341.525	 16080
 341.527	 16080
 341.530	 16080
 341.532	 16070
 341.534	 16070
 341.537	 16070
 341.539	 16070
 341.541	 16080
 341.544	 16070
 341.546	 16080
 341.548	 16080
 341.551	 16080
 341.553	 16070
 341.555	 16070
 341.558	 16080
 341.560	 16080
 341.562	 16095
 341.565	 16080
 341.567	 16080
 341.570	 16080
 341.572	 16070
 341.574	 16070
 341.577	 16095
 341.579	 16095
 341.581	 16080
 341.584	 16070
 341.586	 16080
 341.588	 16080
 341.591	 16080
 341.593	 16080
 341.595	 16080
 341.598	 16080
 341.600	 16080
