field	4.spe
 332.000	
 332.002	 16110
 332.005	 16110
 332.007	 16120
 332.009	 16120
 332.012	 16110
 332.014	 16095
 332.016	 16080
 332.019	 16095
 332.021	 16080
 332.023	 16080
 332.026	 16080
 332.028	 16095
 332.030	 16110
 332.033	 16110
 332.035	 16110
 332.038	 16095
 332.040	 16095
 332.042	 16120
 332.045	 16120
 332.047	 16135
 332.049	 16120
 332.052	 16095
 332.054	 16095
 332.056	 16110
 332.059	 16120
 332.061	 16120
 332.063	 16120
 332.066	 16120
 332.068	 16120
 332.070	 16120
 332.073	 16120
 332.075	 16120
 332.077	 16110
 332.080	 16110
 332.082	 16110
 332.084	 16110
 332.087	 16120
 332.089	 16135
 332.091	 16120
 332.094	 16120
 332.096	 16120
 332.098	 16120
 332.101	 16120
 332.103	 16110
 332.105	 16110
 332.108	 16110
 332.110	 16110
 332.113	 16110
 332.115	 16110
 332.117	 16110
 332.120	 16135
 332.122	 16120
 332.124	 16120
 332.127	 16120
 332.129	 16135
 332.131	 16135
 332.134	 16110
 332.136	 16110
 332.138	 16110
 332.141	 16110
 332.143	 16110
 332.145	 16110
 332.148	 16110
 332.150	 16110
 332.152	 16110
 332.155	 16110
 332.157	 16110
 332.159	 16110
 332.162	 16095
 332.164	 16110
 332.166	 16110
 332.169	 16110
 332.171	 16095
 332.173	 16110
 332.176	 16110
 332.178	 16110
 332.181	 16095
 332.183	 16110
 332.185	 16095
 332.188	 16120
 332.190	 16120
 332.192	 16110
 332.195	 16095
 332.197	 16110
 332.199	 16110
 332.202	 16095
 332.204	 16095
 332.206	 16095
 332.209	 16095
 332.211	 16095
 332.213	 16095
 332.216	 16095
 332.218	 16095
 332.220	 16095
 332.223	 16095
 332.225	 16095
 332.227	 16095
 332.230	 16095
 332.232	 16095
 332.234	 16095
 332.237	 16080
 332.239	 16080
 332.241	 16095
 332.244	 16080
 332.246	 16080
 332.249	 16080
 332.251	 16095
 332.253	 16080
 332.256	 16080
 332.258	 16080
 332.260	 16080
 332.263	 16095
 332.265	 16095
 332.267	 16095
 332.270	 16095
 332.272	 16095
 332.274	 16095
 332.277	 16095
 332.279	 16095
 332.281	 16095
 332.284	 16080
 332.286	 16095
 332.288	 16095
 332.291	 16095
 332.293	 16095
 332.295	 16080
 332.298	 16095
 332.300	 16095
 332.302	 16095
 332.305	 16095
 332.307	 16095
 332.309	 16110
 332.312	 16110
 332.314	 16110
 332.316	 16095
 332.319	 16095
 332.321	 16095
 332.324	 16095
 332.326	 16095
 332.328	 16095
 332.331	 16095
 332.333	 16095
 332.335	 16095
 332.338	 16080
 332.340	 16070
 332.342	 16080
 332.345	 16080
 332.347	 16080
 332.349	 16110
 332.352	 16120
 332.354	 16110
 332.356	 16095
 332.359	 16110
 332.361	 16095
 332.363	 16095
 332.366	 16110
 332.368	 16095
 332.370	 16095
 332.373	 16095
 332.375	 16110
 332.377	 16110
 332.380	 16110
 332.382	 16110
 332.384	 16095
 332.387	 16095
 332.389	 16095
 332.392	 16095
 332.394	 16110
 332.396	 16110
 332.399	 16110
 332.401	 16110
 332.403	 16110
 332.406	 16110
 332.408	 16110
 332.410	 16110
 332.413	 16110
 332.415	 16110
 332.417	 16110
 332.420	 16110
 332.422	 16110
 332.424	 16110
 332.427	 16120
 332.429	 16110
 332.431	 16110
 332.434	 16120
 332.436	 16120
 332.438	 16120
 332.441	 16135
 332.443	 16120
 332.445	 16120
 332.448	 16120
 332.450	 16120
 332.452	 16120
 332.455	 16135
 332.457	 16120
 332.459	 16120
 332.462	 16135
 332.464	 16120
 332.467	 16135
 332.469	 16135
 332.471	 16135
 332.474	 16135
 332.476	 16135
 332.478	 16135
 332.481	 16120
 332.483	 16120
 332.485	 16135
 332.488	 16120
 332.490	 16120
 332.492	 16120
 332.495	 16120
 332.497	 16120
 332.499	 16135
 332.502	 16135
 332.504	 16135
 332.506	 16150
 332.509	 16150
 332.511	 16150
 332.513	 16150
 332.516	 16150
 332.518	 16120
 332.520	 16135
 332.523	 16135
 332.525	 16135
 332.527	 16120
 332.530	 16120
 332.532	 16135
 332.535	 16120
 332.537	 16120
 332.539	 16120
 332.542	 16120
 332.544	 16120
 332.546	 16135
 332.549	 16120
 332.551	 16120
 332.553	 16120
 332.556	 16120
 332.558	 16135
 332.560	 16135
 332.563	 16135
 332.565	 16135
 332.567	 16135
 332.570	 16120
 332.572	 16120
 332.574	 16120
 332.577	 16120
 332.579	 16135
 332.581	 16120
 332.584	 16120
 332.586	 16120
 332.588	 16120
 332.591	 16120
 332.593	 16120
 332.595	 16120
 332.598	 16120
 332.600	 16135
 332.602	 16135
 332.605	 16120
 332.607	 16120
 332.610	 16120
 332.612	 16110
 332.614	 16120
 332.617	 16120
 332.619	 16120
 332.621	 16120
 332.624	 16110
 332.626	 16120
 332.628	 16120
 332.631	 16120
 332.633	 16135
 332.635	 16120
 332.638	 16110
 332.640	 16135
 332.642	 16135
 332.645	 16150
 332.647	 16135
 332.649	 16135
 332.652	 16150
 332.654	 16135
 332.656	 16135
 332.659	 16135
 332.661	 16135
 332.663	 16135
 332.666	 16135
 332.668	 16135
 332.670	 16135
 332.673	 16135
 332.675	 16135
 332.678	 16135
 332.680	 16120
 332.682	 16120
 332.685	 16120
 332.687	 16120
 332.689	 16135
 332.692	 16135
 332.694	 16135
 332.696	 16135
 332.699	 16135
 332.701	 16135
 332.703	 16135
 332.706	 16150
 332.708	 16150
 332.710	 16150
 332.713	 16150
 332.715	 16135
 332.717	 16150
 332.720	 16150
 332.722	 16135
 332.724	 16150
 332.727	 16160
 332.729	 16150
 332.731	 16160
 332.734	 16150
 332.736	 16150
 332.738	 16150
 332.741	 16150
 332.743	 16160
 332.745	 16160
 332.748	 16160
 332.750	 16150
 332.753	 16160
 332.755	 16135
 332.757	 16135
 332.760	 16135
 332.762	 16135
 332.764	 16150
 332.767	 16135
 332.769	 16120
 332.771	 16135
 332.774	 16160
 332.776	 16150
 332.778	 16135
 332.781	 16135
 332.783	 16150
 332.785	 16150
 332.788	 16150
 332.790	 16150
 332.792	 16150
 332.795	 16150
 332.797	 16150
 332.799	 16150
 332.802	 16150
 332.804	 16135
 332.806	 16150
 332.809	 16135
 332.811	 16150
 332.813	 16135
 332.816	 16120
 332.818	 16120
 332.821	 16120
 332.823	 16120
 332.825	 16110
 332.828	 16120
 332.830	 16135
 332.832	 16135
 332.835	 16135
 332.837	 16135
 332.839	 16135
 332.842	 16150
 332.844	 16150
 332.846	 16135
 332.849	 16150
 332.851	 16150
 332.853	 16135
 332.856	 16135
 332.858	 16135
 332.860	 16135
 332.863	 16135
 332.865	 16135
 332.867	 16120
 332.870	 16120
 332.872	 16120
 332.874	 16120
 332.877	 16120
 332.879	 16135
 332.881	 16120
 332.884	 16135
 332.886	 16120
 332.889	 16135
 332.891	 16120
 332.893	 16120
 332.896	 16120
 332.898	 16135
 332.900	 16135
 332.903	 16135
 332.905	 16135
 332.907	 16135
 332.910	 16135
 332.912	 16135
 332.914	 16120
 332.917	 16120
 332.919	 16120
 332.921	 16120
 332.924	 16135
 332.926	 16135
 332.928	 16120
 332.931	 16120
 332.933	 16135
 332.935	 16135
 332.938	 16135
 332.940	 16135
 332.942	 16135
 332.945	 16135
 332.947	 16135
 332.949	 16135
 332.952	 16120
 332.954	 16135
 332.956	 16120
 332.959	 16135
 332.961	 16135
 332.964	 16135
 332.966	 16120
 332.968	 16120
 332.971	 16120
 332.973	 16120
 332.975	 16120
 332.978	 16135
 332.980	 16135
 332.982	 16135
 332.985	 16135
 332.987	 16150
 332.989	 16150
 332.992	 16135
 332.994	 16150
 332.996	 16135
 332.999	 16160
 333.001	 16160
 333.003	 16150
 333.006	 16150
 333.008	 16150
 333.010	 16150
 333.013	 16150
 333.015	 16150
 333.017	 16150
 333.020	 16150
 333.022	 16150
 333.024	 16150
 333.027	 16150
 333.029	 16150
 333.032	 16135
 333.034	 16135
 333.036	 16135
 333.039	 16135
 333.041	 16135
 333.043	 16135
 333.046	 16135
 333.048	 16150
 333.050	 16150
 333.053	 16150
 333.055	 16150
 333.057	 16135
 333.060	 16120
 333.062	 16120
 333.064	 16120
 333.067	 16120
 333.069	 16120
 333.071	 16135
 333.074	 16135
 333.076	 16120
 333.078	 16135
 333.081	 16135
 333.083	 16135
 333.085	 16135
 333.088	 16135
 333.090	 16135
 333.092	 16135
 333.095	 16135
 333.097	 16120
 333.099	 16135
 333.102	 16135
 333.104	 16135
 333.107	 16135
 333.109	 16150
 333.111	 16150
 333.114	 16150
 333.116	 16150
 333.118	 16150
 333.121	 16160
 333.123	 16160
 333.125	 16160
 333.128	 16150
 333.130	 16135
 333.132	 16150
 333.135	 16150
 333.137	 16150
 333.139	 16150
 333.142	 16150
 333.144	 16150
 333.146	 16150
 333.149	 16135
 333.151	 16135
 333.153	 16150
 333.156	 16150
 333.158	 16150
 333.160	 16150
 333.163	 16150
 333.165	 16150
 333.167	 16150
 333.170	 16160
 333.172	 16160
 333.175	 16160
 333.177	 16160
 333.179	 16150
 333.182	 16150
 333.184	 16150
 333.186	 16160
 333.189	 16160
 333.191	 16150
 333.193	 16150
 333.196	 16150
 333.198	 16150
 333.200	 16150
 333.203	 16135
 333.205	 16150
 333.207	 16120
 333.210	 16135
 333.212	 16135
 333.214	 16135
 333.217	 16135
 333.219	 16135
 333.221	 16135
 333.224	 16135
 333.226	 16150
 333.228	 16150
 333.231	 16150
 333.233	 16150
 333.235	 16150
 333.238	 16150
 333.240	 16135
 333.242	 16160
 333.245	 16160
 333.247	 16150
 333.250	 16160
 333.252	 16160
 333.254	 16150
 333.257	 16150
 333.259	 16150
 333.261	 16150
 333.264	 16160
 333.266	 16160
 333.268	 16160
 333.271	 16150
 333.273	 16150
 333.275	 16150
 333.278	 16150
 333.280	 16160
 333.282	 16160
 333.285	 16160
 333.287	 16160
 333.289	 16160
 333.292	 16160
 333.294	 16175
 333.296	 16160
 333.299	 16160
 333.301	 16175
 333.303	 16175
 333.306	 16175
 333.308	 16190
 333.310	 16175
 333.313	 16160
 333.315	 16160
 333.318	 16160
 333.320	 16160
 333.322	 16175
 333.325	 16160
 333.327	 16160
 333.329	 16160
 333.332	 16160
 333.334	 16175
 333.336	 16175
 333.339	 16175
 333.341	 16175
 333.343	 16175
 333.346	 16175
 333.348	 16160
 333.350	 16175
 333.353	 16175
 333.355	 16175
 333.357	 16175
 333.360	 16175
 333.362	 16160
 333.364	 16160
 333.367	 16150
 333.369	 16160
 333.371	 16150
 333.374	 16135
 333.376	 16135
 333.378	 16135
 333.381	 16135
 333.383	 16135
 333.385	 16135
 333.388	 16135
 333.390	 16135
 333.393	 16135
 333.395	 16135
 333.397	 16135
 333.400	 16135
 333.402	 16150
 333.404	 16135
 333.407	 16150
 333.409	 16150
 333.411	 16150
 333.414	 16150
 333.416	 16150
 333.418	 16150
 333.421	 16150
 333.423	 16150
 333.425	 16160
 333.428	 16160
 333.430	 16160
 333.432	 16160
 333.435	 16175
 333.437	 16175
 333.439	 16175
 333.442	 16175
 333.444	 16175
 333.446	 16175
 333.449	 16175
 333.451	 16175
 333.453	 16175
 333.456	 16175
 333.458	 16175
 333.461	 16175
 333.463	 16175
 333.465	 16190
 333.468	 16200
 333.470	 16190
 333.472	 16175
 333.475	 16190
 333.477	 16190
 333.479	 16190
 333.482	 16190
 333.484	 16175
 333.486	 16175
 333.489	 16200
 333.491	 16175
 333.493	 16190
 333.496	 16175
 333.498	 16175
 333.500	 16175
 333.503	 16190
 333.505	 16175
 333.507	 16175
 333.510	 16175
 333.512	 16175
 333.514	 16175
 333.517	 16160
 333.519	 16160
 333.521	 16160
 333.524	 16160
 333.526	 16150
 333.529	 16160
 333.531	 16150
 333.533	 16135
 333.536	 16135
 333.538	 16135
 333.540	 16150
 333.543	 16150
 333.545	 16135
 333.547	 16120
 333.550	 16135
 333.552	 16135
 333.554	 16120
 333.557	 16120
 333.559	 16120
 333.561	 16135
 333.564	 16135
 333.566	 16160
 333.568	 16150
 333.571	 16150
 333.573	 16150
 333.575	 16150
 333.578	 16150
 333.580	 16150
 333.582	 16160
 333.585	 16190
 333.587	 16190
 333.589	 16175
 333.592	 16150
 333.594	 16175
 333.596	 16175
 333.599	 16175
 333.601	 16190
 333.604	 16175
 333.606	 16160
 333.608	 16160
 333.611	 16160
 333.613	 16160
 333.615	 16175
 333.618	 16160
 333.620	 16175
 333.622	 16160
 333.625	 16160
 333.627	 16160
 333.629	 16160
 333.632	 16160
 333.634	 16160
 333.636	 16160
 333.639	 16160
 333.641	 16150
 333.643	 16160
 333.646	 16160
 333.648	 16160
 333.650	 16150
 333.653	 16150
 333.655	 16160
 333.657	 16160
 333.660	 16160
 333.662	 16160
 333.664	 16160
 333.667	 16160
 333.669	 16175
 333.672	 16160
 333.674	 16150
 333.676	 16150
 333.679	 16150
 333.681	 16135
 333.683	 16160
 333.686	 16160
 333.688	 16160
 333.690	 16160
 333.693	 16150
 333.695	 16160
 333.697	 16175
 333.700	 16160
 333.702	 16160
 333.704	 16160
 333.707	 16150
 333.709	 16160
 333.711	 16150
 333.714	 16150
 333.716	 16160
 333.718	 16175
 333.721	 16175
 333.723	 16160
 333.725	 16160
 333.728	 16160
 333.730	 16160
 333.732	 16175
 333.735	 16175
 333.737	 16190
 333.739	 16175
 333.742	 16160
 333.744	 16175
 333.747	 16175
 333.749	 16175
 333.751	 16175
 333.754	 16175
 333.756	 16175
 333.758	 16175
 333.761	 16160
 333.763	 16160
 333.765	 16150
 333.768	 16150
 333.770	 16160
 333.772	 16160
 333.775	 16175
 333.777	 16175
 333.779	 16175
 333.782	 16175
 333.784	 16175
 333.786	 16175
 333.789	 16175
 333.791	 16190
 333.793	 16190
 333.796	 16190
 333.798	 16175
 333.800	 16160
 333.803	 16175
 333.805	 16160
 333.807	 16175
 333.810	 16175
 333.812	 16175
 333.815	 16160
 333.817	 16150
 333.819	 16150
 333.822	 16150
 333.824	 16150
 333.826	 16150
 333.829	 16150
 333.831	 16135
 333.833	 16150
 333.836	 16150
 333.838	 16150
 333.840	 16150
 333.843	 16160
 333.845	 16150
 333.847	 16150
 333.850	 16135
 333.852	 16150
 333.854	 16175
 333.857	 16175
 333.859	 16150
 333.861	 16175
 333.864	 16175
 333.866	 16175
 333.868	 16160
 333.871	 16190
 333.873	 16190
 333.875	 16190
 333.878	 16200
 333.880	 16190
 333.882	 16175
 333.885	 16175
 333.887	 16175
 333.890	 16175
 333.892	 16190
 333.894	 16190
 333.897	 16175
 333.899	 16175
 333.901	 16175
 333.904	 16175
 333.906	 16190
 333.908	 16200
 333.911	 16200
 333.913	 16175
 333.915	 16190
 333.918	 16190
 333.920	 16175
 333.922	 16175
 333.925	 16190
 333.927	 16190
 333.929	 16160
 333.932	 16160
 333.934	 16160
 333.936	 16160
 333.939	 16160
 333.941	 16160
 333.943	 16150
 333.946	 16150
 333.948	 16150
 333.950	 16160
 333.953	 16160
 333.955	 16160
 333.958	 16160
 333.960	 16150
 333.962	 16160
 333.965	 16175
 333.967	 16150
 333.969	 16135
 333.972	 16135
 333.974	 16150
 333.976	 16150
 333.979	 16150
 333.981	 16150
 333.983	 16150
 333.986	 16150
 333.988	 16150
 333.990	 16150
 333.993	 16150
 333.995	 16150
 333.997	 16160
 334.000	 16150
 334.002	 16160
 334.004	 16160
 334.007	 16160
 334.009	 16160
 334.011	 16160
 334.014	 16160
 334.016	 16175
 334.018	 16175
 334.021	 16175
 334.023	 16175
 334.025	 16175
 334.028	 16175
 334.030	 16175
 334.033	 16175
 334.035	 16175
 334.037	 16175
 334.040	 16175
 334.042	 16190
 334.044	 16175
 334.047	 16150
 334.049	 16160
 334.051	 16150
 334.054	 16175
 334.056	 16175
 334.058	 16190
 334.061	 16190
 334.063	 16175
 334.065	 16175
 334.068	 16175
 334.070	 16175
 334.072	 16190
 334.075	 16175
 334.077	 16175
 334.079	 16175
 334.082	 16190
 334.084	 16175
 334.086	 16175
 334.089	 16175
 334.091	 16175
 334.093	 16175
 334.096	 16175
 334.098	 16175
 334.101	 16175
 334.103	 16190
 334.105	 16190
 334.108	 16190
 334.110	 16190
 334.112	 16190
 334.115	 16190
 334.117	 16190
 334.119	 16190
 334.122	 16190
 334.124	 16190
 334.126	 16175
 334.129	 16160
 334.131	 16160
 334.133	 16175
 334.136	 16175
 334.138	 16190
 334.140	 16175
 334.143	 16175
 334.145	 16190
 334.147	 16175
 334.150	 16175
 334.152	 16175
 334.154	 16175
 334.157	 16175
 334.159	 16190
 334.161	 16175
 334.164	 16175
 334.166	 16175
 334.169	 16190
 334.171	 16215
 334.173	 16190
 334.176	 16175
 334.178	 16175
 334.180	 16160
 334.183	 16175
 334.185	 16175
 334.187	 16190
 334.190	 16175
 334.192	 16160
 334.194	 16175
 334.197	 16175
 334.199	 16175
 334.201	 16190
 334.204	 16190
 334.206	 16190
 334.208	 16175
 334.211	 16190
 334.213	 16190
 334.215	 16200
 334.218	 16200
 334.220	 16190
 334.222	 16190
 334.225	 16200
 334.227	 16200
 334.229	 16200
 334.232	 16200
 334.234	 16200
 334.236	 16200
 334.239	 16200
 334.241	 16190
 334.244	 16200
 334.246	 16200
 334.248	 16200
 334.251	 16200
 334.253	 16200
 334.255	 16200
 334.258	 16230
 334.260	 16230
 334.262	 16200
 334.265	 16200
 334.267	 16200
 334.269	 16215
 334.272	 16215
 334.274	 16215
 334.276	 16230
 334.279	 16230
 334.281	 16230
 334.283	 16230
 334.286	 16230
 334.288	 16230
 334.290	 16230
 334.293	 16230
 334.295	 16230
 334.297	 16230
 334.300	 16230
 334.302	 16230
 334.304	 16230
 334.307	 16230
 334.309	 16230
 334.312	 16215
 334.314	 16215
 334.316	 16200
 334.319	 16200
 334.321	 16200
 334.323	 16190
 334.326	 16200
 334.328	 16215
 334.330	 16200
 334.333	 16190
 334.335	 16190
 334.337	 16190
 334.340	 16200
 334.342	 16190
 334.344	 16200
 334.347	 16200
 334.349	 16215
 334.351	 16215
 334.354	 16215
 334.356	 16215
 334.358	 16215
 334.361	 16230
 334.363	 16230
 334.365	 16240
 334.368	 16240
 334.370	 16240
 334.372	 16240
 334.375	 16230
 334.377	 16240
 334.379	 16240
 334.382	 16240
 334.384	 16240
 334.387	 16240
 334.389	 16240
 334.391	 16230
 334.394	 16230
 334.396	 16230
 334.398	 16230
 334.401	 16240
 334.403	 16240
 334.405	 16240
 334.408	 16240
 334.410	 16255
 334.412	 16255
 334.415	 16255
 334.417	 16240
 334.419	 16230
 334.422	 16240
 334.424	 16240
 334.426	 16230
 334.429	 16230
 334.431	 16240
 334.433	 16240
 334.436	 16240
 334.438	 16240
 334.440	 16240
 334.443	 16255
 334.445	 16255
 334.447	 16270
 334.450	 16240
 334.452	 16255
 334.455	 16240
 334.457	 16240
 334.459	 16255
 334.462	 16255
 334.464	 16240
 334.466	 16240
 334.469	 16255
 334.471	 16270
 334.473	 16270
 334.476	 16270
 334.478	 16270
 334.480	 16280
 334.483	 16280
 334.485	 16280
 334.487	 16280
 334.490	 16295
 334.492	 16280
 334.494	 16280
 334.497	 16280
 334.499	 16295
 334.501	 16280
 334.504	 16280
 334.506	 16270
 334.508	 16280
 334.511	 16280
 334.513	 16280
 334.515	 16280
 334.518	 16280
 334.520	 16280
 334.522	 16280
 334.525	 16280
 334.527	 16280
 334.530	 16280
 334.532	 16280
 334.534	 16280
 334.537	 16310
 334.539	 16310
 334.541	 16295
 334.544	 16310
 334.546	 16310
 334.548	 16310
 334.551	 16320
 334.553	 16310
 334.555	 16310
 334.558	 16320
 334.560	 16320
 334.562	 16320
 334.565	 16320
 334.567	 16335
 334.569	 16335
 334.572	 16335
 334.574	 16335
 334.576	 16335
 334.579	 16320
 334.581	 16320
 334.583	 16310
 334.586	 16320
 334.588	 16320
 334.590	 16320
 334.593	 16320
 334.595	 16320
 334.598	 16320
 334.600	 16320
 334.602	 16335
 334.605	 16350
 334.607	 16350
 334.609	 16350
 334.612	 16350
 334.614	 16350
 334.616	 16360
 334.619	 16360
 334.621	 16360
 334.623	 16350
 334.626	 16350
 334.628	 16350
 334.630	 16350
 334.633	 16350
 334.635	 16350
 334.637	 16350
 334.640	 16350
 334.642	 16350
 334.644	 16335
 334.647	 16350
 334.649	 16350
 334.651	 16335
 334.654	 16350
 334.656	 16360
 334.658	 16350
 334.661	 16360
 334.663	 16360
 334.665	 16360
 334.668	 16360
 334.670	 16375
 334.673	 16375
 334.675	 16375
 334.677	 16375
 334.680	 16360
 334.682	 16360
 334.684	 16360
 334.687	 16360
 334.689	 16360
 334.691	 16360
 334.694	 16375
 334.696	 16375
 334.698	 16390
 334.701	 16390
 334.703	 16400
 334.705	 16390
 334.708	 16375
 334.710	 16375
 334.712	 16375
 334.715	 16375
 334.717	 16375
 334.719	 16375
 334.722	 16390
 334.724	 16400
 334.726	 16400
 334.729	 16390
 334.731	 16375
 334.733	 16375
 334.736	 16390
 334.738	 16390
 334.741	 16400
 334.743	 16400
 334.745	 16400
 334.748	 16415
 334.750	 16415
 334.752	 16415
 334.755	 16415
 334.757	 16415
 334.759	 16415
 334.762	 16415
 334.764	 16415
 334.766	 16415
 334.769	 16415
 334.771	 16415
 334.773	 16415
 334.776	 16415
 334.778	 16430
 334.780	 16430
 334.783	 16400
 334.785	 16415
 334.787	 16415
 334.790	 16415
 334.792	 16430
 334.794	 16430
 334.797	 16400
 334.799	 16430
 334.801	 16430
 334.804	 16430
 334.806	 16430
 334.809	 16430
 334.811	 16415
 334.813	 16430
 334.816	 16430
 334.818	 16430
 334.820	 16415
 334.823	 16415
 334.825	 16430
 334.827	 16430
 334.830	 16415
 334.832	 16415
 334.834	 16415
 334.837	 16415
 334.839	 16415
 334.841	 16415
 334.844	 16430
 334.846	 16430
 334.848	 16440
 334.851	 16455
 334.853	 16455
 334.855	 16455
 334.858	 16455
 334.860	 16455
 334.862	 16455
 334.865	 16455
 334.867	 16455
 334.869	 16470
 334.872	 16470
 334.874	 16470
 334.876	 16470
 334.879	 16470
 334.881	 16470
 334.884	 16470
 334.886	 16480
 334.888	 16470
 334.891	 16480
 334.893	 16480
 334.895	 16480
 334.898	 16480
 334.900	 16495
 334.902	 16495
 334.905	 16510
 334.907	 16510
 334.909	 16510
 334.912	 16520
 334.914	 16510
 334.916	 16510
 334.919	 16510
 334.921	 16510
 334.923	 16510
 334.926	 16510
 334.928	 16520
 334.930	 16510
 334.933	 16520
 334.935	 16520
 334.937	 16520
 334.940	 16510
 334.942	 16520
 334.944	 16535
 334.947	 16535
 334.949	 16535
 334.952	 16535
 334.954	 16535
 334.956	 16520
 334.959	 16520
 334.961	 16520
 334.963	 16535
 334.966	 16535
 334.968	 16510
 334.970	 16510
 334.973	 16510
 334.975	 16510
 334.977	 16510
 334.980	 16520
 334.982	 16520
 334.984	 16520
 334.987	 16510
 334.989	 16510
 334.991	 16510
 334.994	 16510
 334.996	 16510
 334.998	 16510
 335.001	 16510
 335.003	 16520
 335.005	 16510
 335.008	 16520
 335.010	 16510
 335.012	 16495
 335.015	 16510
 335.017	 16520
 335.019	 16520
 335.022	 16520
 335.024	 16535
 335.027	 16520
 335.029	 16510
 335.031	 16520
 335.034	 16520
 335.036	 16520
 335.038	 16520
 335.041	 16535
 335.043	 16535
 335.045	 16520
 335.048	 16520
 335.050	 16520
 335.052	 16520
 335.055	 16520
 335.057	 16520
 335.059	 16535
 335.062	 16535
 335.064	 16520
 335.066	 16520
 335.069	 16510
 335.071	 16495
 335.073	 16480
 335.076	 16480
 335.078	 16480
 335.080	 16495
 335.083	 16495
 335.085	 16495
 335.087	 16495
 335.090	 16495
 335.092	 16495
 335.095	 16455
 335.097	 16470
 335.099	 16455
 335.102	 16455
 335.104	 16480
 335.106	 16480
 335.109	 16470
 335.111	 16470
 335.113	 16455
 335.116	 16455
 335.118	 16455
 335.120	 16470
 335.123	 16470
 335.125	 16455
 335.127	 16455
 335.130	 16455
 335.132	 16455
 335.134	 16455
 335.137	 16455
 335.139	 16470
 335.141	 16455
 335.144	 16470
 335.146	 16470
 335.148	 16455
 335.151	 16455
 335.153	 16470
 335.155	 16470
 335.158	 16470
 335.160	 16470
 335.162	 16470
 335.165	 16455
 335.167	 16455
 335.170	 16455
 335.172	 16455
 335.174	 16455
 335.177	 16440
 335.179	 16440
 335.181	 16440
 335.184	 16440
 335.186	 16455
 335.188	 16440
 335.191	 16430
 335.193	 16430
 335.195	 16430
 335.198	 16440
 335.200	 16415
 335.202	 16415
 335.205	 16415
 335.207	 16415
 335.209	 16415
 335.212	 16415
 335.214	 16430
 335.216	 16415
 335.219	 16390
 335.221	 16390
 335.223	 16390
 335.226	 16390
 335.228	 16400
 335.230	 16400
 335.233	 16390
 335.235	 16400
 335.238	 16390
 335.240	 16400
 335.242	 16390
 335.245	 16390
 335.247	 16390
 335.249	 16390
 335.252	 16375
 335.254	 16375
 335.256	 16375
 335.259	 16375
 335.261	 16375
 335.263	 16375
 335.266	 16375
 335.268	 16375
 335.270	 16390
 335.273	 16360
 335.275	 16375
 335.277	 16360
 335.280	 16375
 335.282	 16360
 335.284	 16360
 335.287	 16360
 335.289	 16360
 335.291	 16360
 335.294	 16350
 335.296	 16360
 335.298	 16360
 335.301	 16360
 335.303	 16360
 335.305	 16350
 335.308	 16350
 335.310	 16350
 335.313	 16350
 335.315	 16350
 335.317	 16350
 335.320	 16350
 335.322	 16350
 335.324	 16320
 335.327	 16320
 335.329	 16320
 335.331	 16320
 335.334	 16320
 335.336	 16320
 335.338	 16320
 335.341	 16320
 335.343	 16295
 335.345	 16310
 335.348	 16310
 335.350	 16295
 335.352	 16310
 335.355	 16295
 335.357	 16295
 335.359	 16295
 335.362	 16295
 335.364	 16295
 335.366	 16310
 335.369	 16280
 335.371	 16270
 335.373	 16280
 335.376	 16280
 335.378	 16295
 335.381	 16295
 335.383	 16295
 335.385	 16295
 335.388	 16295
 335.390	 16295
 335.392	 16310
 335.395	 16295
 335.397	 16310
 335.399	 16310
 335.402	 16310
 335.404	 16310
 335.406	 16310
 335.409	 16310
 335.411	 16295
 335.413	 16295
 335.416	 16295
 335.418	 16280
 335.420	 16280
 335.423	 16280
 335.425	 16280
 335.427	 16280
 335.430	 16280
 335.432	 16270
 335.434	 16270
 335.437	 16280
 335.439	 16280
 335.441	 16270
 335.444	 16270
 335.446	 16280
 335.449	 16280
 335.451	 16280
 335.453	 16280
 335.456	 16280
 335.458	 16280
 335.460	 16280
 335.463	 16280
 335.465	 16270
 335.467	 16270
 335.470	 16270
 335.472	 16270
 335.474	 16280
 335.477	 16280
 335.479	 16280
 335.481	 16295
 335.484	 16295
 335.486	 16280
 335.488	 16295
 335.491	 16295
 335.493	 16295
 335.495	 16295
 335.498	 16295
 335.500	 16295
 335.502	 16295
 335.505	 16295
 335.507	 16310
 335.509	 16310
 335.512	 16310
 335.514	 16310
 335.516	 16310
 335.519	 16295
 335.521	 16295
 335.524	 16295
 335.526	 16295
 335.528	 16295
 335.531	 16295
 335.533	 16295
 335.535	 16295
 335.538	 16295
 335.540	 16295
 335.542	 16295
 335.545	 16310
 335.547	 16310
 335.549	 16295
 335.552	 16295
 335.554	 16280
 335.556	 16280
 335.559	 16280
 335.561	 16280
 335.563	 16280
 335.566	 16280
 335.568	 16280
 335.570	 16280
 335.573	 16280
 335.575	 16280
 335.577	 16280
 335.580	 16280
 335.582	 16280
 335.584	 16280
 335.587	 16310
 335.589	 16310
 335.592	 16310
 335.594	 16310
 335.596	 16310
 335.599	 16310
 335.601	 16310
 335.603	 16320
 335.606	 16310
 335.608	 16310
 335.610	 16320
 335.613	 16320
 335.615	 16320
 335.617	 16350
 335.620	 16335
 335.622	 16350
 335.624	 16350
 335.627	 16350
 335.629	 16360
 335.631	 16360
 335.634	 16390
 335.636	 16375
 335.638	 16375
 335.641	 16375
 335.643	 16375
 335.645	 16390
 335.648	 16390
 335.650	 16390
 335.652	 16390
 335.655	 16400
 335.657	 16400
 335.659	 16400
 335.662	 16415
 335.664	 16415
 335.667	 16430
 335.669	 16430
 335.671	 16430
 335.674	 16430
 335.676	 16430
 335.678	 16430
 335.681	 16440
 335.683	 16440
 335.685	 16440
 335.688	 16440
 335.690	 16440
 335.692	 16455
 335.695	 16455
 335.697	 16455
 335.699	 16470
 335.702	 16470
 335.704	 16470
 335.706	 16495
 335.709	 16470
 335.711	 16470
 335.713	 16480
 335.716	 16495
 335.718	 16510
 335.720	 16510
 335.723	 16480
 335.725	 16510
 335.727	 16495
 335.730	 16510
 335.732	 16510
 335.735	 16495
 335.737	 16495
 335.739	 16495
 335.742	 16495
 335.744	 16495
 335.746	 16495
 335.749	 16495
 335.751	 16495
 335.753	 16495
 335.756	 16495
 335.758	 16510
 335.760	 16510
 335.763	 16520
 335.765	 16520
 335.767	 16535
 335.770	 16535
 335.772	 16535
 335.774	 16520
 335.777	 16520
 335.779	 16520
 335.781	 16535
 335.784	 16535
 335.786	 16535
 335.788	 16535
 335.791	 16535
 335.793	 16535
 335.795	 16550
 335.798	 16550
 335.800	 16550
 335.802	 16560
 335.805	 16560
 335.807	 16560
 335.810	 16575
 335.812	 16575
 335.814	 16575
 335.817	 16575
 335.819	 16575
 335.821	 16575
 335.824	 16575
 335.826	 16590
 335.828	 16575
 335.831	 16575
 335.833	 16575
 335.835	 16590
 335.838	 16600
 335.840	 16615
 335.842	 16600
 335.845	 16600
 335.847	 16600
 335.849	 16600
 335.852	 16600
 335.854	 16600
 335.856	 16615
 335.859	 16615
 335.861	 16615
 335.863	 16600
 335.866	 16600
 335.868	 16615
 335.870	 16615
 335.873	 16615
 335.875	 16615
 335.878	 16615
 335.880	 16615
 335.882	 16615
 335.885	 16615
 335.887	 16615
 335.889	 16615
 335.892	 16630
 335.894	 16630
 335.896	 16630
 335.899	 16630
 335.901	 16640
 335.903	 16640
 335.906	 16615
 335.908	 16630
 335.910	 16655
 335.913	 16655
 335.915	 16655
 335.917	 16640
 335.920	 16640
 335.922	 16655
 335.924	 16640
 335.927	 16640
 335.929	 16670
 335.931	 16655
 335.934	 16655
 335.936	 16655
 335.938	 16640
 335.941	 16640
 335.943	 16640
 335.945	 16640
 335.948	 16640
 335.950	 16655
 335.953	 16630
 335.955	 16640
 335.957	 16640
 335.960	 16640
 335.962	 16630
 335.964	 16630
 335.967	 16630
 335.969	 16630
 335.971	 16615
 335.974	 16615
 335.976	 16615
 335.978	 16630
 335.981	 16630
 335.983	 16615
 335.985	 16615
 335.988	 16615
 335.990	 16615
 335.992	 16600
 335.995	 16615
 335.997	 16600
 335.999	 16600
 336.002	 16600
 336.004	 16600
 336.006	 16600
 336.009	 16600
 336.011	 16615
 336.013	 16590
 336.016	 16575
 336.018	 16600
 336.021	 16575
 336.023	 16590
 336.025	 16575
 336.028	 16575
 336.030	 16575
 336.032	 16575
 336.035	 16575
 336.037	 16575
 336.039	 16575
 336.042	 16560
 336.044	 16575
 336.046	 16575
 336.049	 16550
 336.051	 16550
 336.053	 16550
 336.056	 16550
 336.058	 16550
 336.060	 16550
 336.063	 16550
 336.065	 16550
 336.067	 16550
 336.070	 16520
 336.072	 16520
 336.074	 16535
 336.077	 16535
 336.079	 16520
 336.081	 16520
 336.084	 16520
 336.086	 16520
 336.089	 16510
 336.091	 16510
 336.093	 16510
 336.096	 16510
 336.098	 16510
 336.100	 16480
 336.103	 16495
 336.105	 16480
 336.107	 16470
 336.110	 16455
 336.112	 16470
 336.114	 16455
 336.117	 16455
 336.119	 16455
 336.121	 16455
 336.124	 16455
 336.126	 16440
 336.128	 16440
 336.131	 16440
 336.133	 16440
 336.135	 16440
 336.138	 16440
 336.140	 16440
 336.142	 16430
 336.145	 16430
 336.147	 16415
 336.149	 16415
 336.152	 16390
 336.154	 16375
 336.156	 16375
 336.159	 16360
 336.161	 16360
 336.164	 16360
 336.166	 16350
 336.168	 16350
 336.171	 16335
 336.173	 16335
 336.175	 16335
 336.178	 16350
 336.180	 16335
 336.182	 16335
 336.185	 16335
 336.187	 16335
 336.189	 16335
 336.192	 16310
 336.194	 16320
 336.196	 16320
 336.199	 16310
 336.201	 16310
 336.203	 16310
 336.206	 16310
 336.208	 16320
 336.210	 16320
 336.213	 16310
 336.215	 16280
 336.217	 16295
 336.220	 16295
 336.222	 16295
 336.224	 16295
 336.227	 16270
 336.229	 16270
 336.232	 16280
 336.234	 16270
 336.236	 16255
 336.239	 16270
 336.241	 16255
 336.243	 16255
 336.246	 16255
 336.248	 16255
 336.250	 16255
 336.253	 16240
 336.255	 16255
 336.257	 16230
 336.260	 16230
 336.262	 16240
 336.264	 16230
 336.267	 16230
 336.269	 16230
 336.271	 16230
 336.274	 16230
 336.276	 16230
 336.278	 16215
 336.281	 16215
 336.283	 16215
 336.285	 16215
 336.288	 16215
 336.290	 16215
 336.292	 16200
 336.295	 16190
 336.297	 16190
 336.299	 16160
 336.302	 16160
 336.304	 16160
 336.307	 16160
 336.309	 16160
 336.311	 16175
 336.314	 16175
 336.316	 16160
 336.318	 16175
 336.321	 16160
 336.323	 16160
 336.325	 16150
 336.328	 16150
 336.330	 16150
 336.332	 16135
 336.335	 16135
 336.337	 16150
 336.339	 16120
 336.342	 16120
 336.344	 16120
 336.346	 16120
 336.349	 16135
 336.351	 16135
 336.353	 16135
 336.356	 16120
 336.358	 16120
 336.360	 16135
 336.363	 16135
 336.365	 16120
 336.367	 16120
 336.370	 16120
 336.372	 16120
 336.375	 16135
 336.377	 16135
 336.379	 16135
 336.382	 16135
 336.384	 16135
 336.386	 16120
 336.389	 16120
 336.391	 16120
 336.393	 16120
 336.396	 16120
 336.398	 16120
 336.400	 16120
 336.403	 16120
 336.405	 16135
 336.407	 16135
 336.410	 16135
 336.412	 16135
 336.414	 16135
 336.417	 16135
 336.419	 16150
 336.421	 16150
 336.424	 16150
 336.426	 16150
 336.428	 16135
 336.431	 16150
 336.433	 16150
 336.435	 16150
 336.438	 16150
 336.440	 16150
 336.442	 16150
 336.445	 16160
 336.447	 16160
 336.450	 16160
 336.452	 16150
 336.454	 16150
 336.457	 16150
 336.459	 16150
 336.461	 16160
 336.464	 16150
 336.466	 16175
 336.468	 16190
 336.471	 16190
 336.473	 16200
 336.475	 16190
 336.478	 16190
 336.480	 16190
 336.482	 16190
 336.485	 16190
 336.487	 16190
 336.489	 16200
 336.492	 16200
 336.494	 16200
 336.496	 16230
 336.499	 16215
 336.501	 16215
 336.503	 16230
 336.506	 16230
 336.508	 16230
 336.510	 16255
 336.513	 16240
 336.515	 16240
 336.518	 16240
 336.520	 16240
 336.522	 16240
 336.525	 16240
 336.527	 16240
 336.529	 16255
 336.532	 16270
 336.534	 16255
 336.536	 16255
 336.539	 16280
 336.541	 16280
 336.543	 16280
 336.546	 16295
 336.548	 16280
 336.550	 16310
 336.553	 16310
 336.555	 16310
 336.557	 16310
 336.560	 16310
 336.562	 16310
 336.564	 16310
 336.567	 16335
 336.569	 16320
 336.571	 16320
 336.574	 16350
 336.576	 16350
 336.578	 16350
 336.581	 16335
 336.583	 16350
 336.585	 16360
 336.588	 16360
 336.590	 16360
 336.593	 16350
 336.595	 16360
 336.597	 16360
 336.600	 16360
 336.602	 16360
 336.604	 16375
 336.607	 16360
 336.609	 16375
 336.611	 16375
 336.614	 16375
 336.616	 16375
 336.618	 16390
 336.621	 16390
 336.623	 16390
 336.625	 16390
 336.628	 16400
 336.630	 16415
 336.632	 16430
 336.635	 16440
 336.637	 16430
 336.639	 16440
 336.642	 16455
 336.644	 16455
 336.646	 16455
 336.649	 16470
 336.651	 16455
 336.653	 16470
 336.656	 16480
 336.658	 16480
 336.661	 16480
 336.663	 16495
 336.665	 16495
 336.668	 16495
 336.670	 16495
 336.672	 16495
 336.675	 16510
 336.677	 16510
 336.679	 16510
 336.682	 16510
 336.684	 16520
 336.686	 16520
 336.689	 16510
 336.691	 16495
 336.693	 16495
 336.696	 16520
 336.698	 16520
 336.700	 16520
 336.703	 16535
 336.705	 16535
 336.707	 16535
 336.710	 16535
 336.712	 16535
 336.714	 16535
 336.717	 16535
 336.719	 16535
 336.721	 16535
 336.724	 16535
 336.726	 16535
 336.729	 16535
 336.731	 16520
 336.733	 16535
 336.736	 16535
 336.738	 16520
 336.740	 16535
 336.743	 16550
 336.745	 16535
 336.747	 16535
 336.750	 16535
 336.752	 16535
 336.754	 16550
 336.757	 16560
 336.759	 16550
 336.761	 16550
 336.764	 16550
 336.766	 16560
 336.768	 16560
 336.771	 16560
 336.773	 16560
 336.775	 16550
 336.778	 16550
 336.780	 16550
 336.782	 16550
 336.785	 16550
 336.787	 16560
 336.789	 16560
 336.792	 16550
 336.794	 16550
 336.796	 16550
 336.799	 16560
 336.801	 16535
 336.804	 16550
 336.806	 16560
 336.808	 16560
 336.811	 16560
 336.813	 16550
 336.815	 16550
 336.818	 16535
 336.820	 16535
 336.822	 16535
 336.825	 16535
 336.827	 16535
 336.829	 16550
 336.832	 16550
 336.834	 16550
 336.836	 16535
 336.839	 16550
 336.841	 16550
 336.843	 16535
 336.846	 16535
 336.848	 16520
 336.850	 16520
 336.853	 16520
 336.855	 16510
 336.857	 16510
 336.860	 16510
 336.862	 16520
 336.864	 16520
 336.867	 16510
 336.869	 16510
 336.872	 16510
 336.874	 16520
 336.876	 16495
 336.879	 16510
 336.881	 16510
 336.883	 16495
 336.886	 16510
 336.888	 16495
 336.890	 16480
 336.893	 16495
 336.895	 16495
 336.897	 16480
 336.900	 16470
 336.902	 16470
 336.904	 16470
 336.907	 16455
 336.909	 16455
 336.911	 16455
 336.914	 16455
 336.916	 16430
 336.918	 16440
 336.921	 16440
 336.923	 16440
 336.925	 16440
 336.928	 16415
 336.930	 16415
 336.932	 16400
 336.935	 16415
 336.937	 16400
 336.939	 16400
 336.942	 16400
 336.944	 16375
 336.947	 16375
 336.949	 16360
 336.951	 16360
 336.954	 16360
 336.956	 16375
 336.958	 16360
 336.961	 16360
 336.963	 16360
 336.965	 16350
 336.968	 16335
 336.970	 16335
 336.972	 16335
 336.975	 16310
 336.977	 16320
 336.979	 16320
 336.982	 16320
 336.984	 16320
 336.986	 16320
 336.989	 16320
 336.991	 16295
 336.993	 16295
 336.996	 16295
 336.998	 16280
 337.000	 16295
 337.003	 16280
 337.005	 16280
 337.007	 16255
 337.010	 16255
 337.012	 16255
 337.015	 16240
 337.017	 16240
 337.019	 16240
 337.022	 16230
 337.024	 16215
 337.026	 16215
 337.029	 16215
 337.031	 16200
 337.033	 16190
 337.036	 16190
 337.038	 16175
 337.040	 16190
 337.043	 16160
 337.045	 16160
 337.047	 16160
 337.050	 16150
 337.052	 16160
 337.054	 16160
 337.057	 16160
 337.059	 16135
 337.061	 16135
 337.064	 16135
 337.066	 16120
 337.068	 16080
 337.071	 16080
 337.073	 16095
 337.075	 16095
 337.078	 16070
 337.080	 16070
 337.082	 16070
 337.085	 16080
 337.087	 16080
 337.090	 16080
 337.092	 16070
 337.094	 16040
 337.097	 16040
 337.099	 16030
 337.101	 16015
 337.104	 16015
 337.106	 16015
 337.108	 16000
 337.111	 15990
 337.113	 15990
 337.115	 15990
 337.118	 15990
 337.120	 15975
 337.122	 15960
 337.125	 15960
 337.127	 15960
 337.129	 15960
 337.132	 15950
 337.134	 15950
 337.136	 15935
 337.139	 15935
 337.141	 15920
 337.143	 15920
 337.146	 15895
 337.148	 15910
 337.150	 15880
 337.153	 15880
 337.155	 15880
 337.158	 15870
 337.160	 15895
 337.162	 15895
 337.165	 15880
 337.167	 15870
 337.169	 15855
 337.172	 15855
 337.174	 15855
 337.176	 15855
 337.179	 15840
 337.181	 15840
 337.183	 15840
 337.186	 15830
 337.188	 15830
 337.190	 15830
 337.193	 15830
 337.195	 15830
 337.197	 15815
 337.200	 15830
 337.202	 15815
 337.204	 15815
 337.207	 15790
 337.209	 15790
 337.211	 15790
 337.214	 15790
 337.216	 15790
 337.218	 15790
 337.221	 15775
 337.223	 15775
 337.225	 15775
 337.228	 15790
 337.230	 15775
 337.233	 15775
 337.235	 15775
 337.237	 15775
 337.240	 15760
 337.242	 15760
 337.244	 15760
 337.247	 15760
 337.249	 15750
 337.251	 15750
 337.254	 15750
 337.256	 15750
 337.258	 15750
 337.261	 15750
 337.263	 15750
 337.265	 15735
 337.268	 15735
 337.270	 15735
 337.272	 15750
 337.275	 15750
 337.277	 15750
 337.279	 15750
 337.282	 15750
 337.284	 15735
 337.286	 15735
 337.289	 15735
 337.291	 15750
 337.293	 15760
 337.296	 15760
 337.298	 15760
 337.301	 15750
 337.303	 15735
 337.305	 15750
 337.308	 15750
 337.310	 15750
 337.312	 15750
 337.315	 15750
 337.317	 15735
 337.319	 15735
 337.322	 15760
 337.324	 15760
 337.326	 15750
 337.329	 15760
 337.331	 15760
 337.333	 15760
 337.336	 15760
 337.338	 15750
 337.340	 15760
 337.343	 15760
 337.345	 15760
 337.347	 15760
 337.350	 15750
 337.352	 15760
 337.354	 15750
 337.357	 15750
 337.359	 15750
 337.361	 15750
 337.364	 15750
 337.366	 15750
 337.369	 15760
 337.371	 15760
 337.373	 15775
 337.376	 15760
 337.378	 15775
 337.380	 15790
 337.383	 15775
 337.385	 15790
 337.387	 15775
 337.390	 15775
 337.392	 15775
 337.394	 15775
 337.397	 15775
 337.399	 15775
 337.401	 15790
 337.404	 15775
 337.406	 15775
 337.408	 15790
 337.411	 15775
 337.413	 15775
 337.415	 15790
 337.418	 15775
 337.420	 15790
 337.422	 15790
 337.425	 15800
 337.427	 15800
 337.429	 15800
 337.432	 15790
 337.434	 15800
 337.436	 15790
 337.439	 15800
 337.441	 15800
 337.444	 15800
 337.446	 15815
 337.448	 15815
 337.451	 15815
 337.453	 15830
 337.455	 15830
 337.458	 15830
 337.460	 15830
 337.462	 15840
 337.465	 15855
 337.467	 15855
 337.469	 15840
 337.472	 15840
 337.474	 15840
 337.476	 15840
 337.479	 15870
 337.481	 15880
 337.483	 15880
 337.486	 15895
 337.488	 15910
 337.490	 15910
 337.493	 15910
 337.495	 15920
 337.497	 15920
 337.500	 15910
 337.502	 15910
 337.504	 15910
 337.507	 15910
 337.509	 15910
 337.512	 15910
 337.514	 15910
 337.516	 15920
 337.519	 15920
 337.521	 15920
 337.523	 15920
 337.526	 15935
 337.528	 15920
 337.530	 15920
 337.533	 15935
 337.535	 15935
 337.537	 15935
 337.540	 15935
 337.542	 15935
 337.544	 15950
 337.547	 15960
 337.549	 15960
 337.551	 15975
 337.554	 15975
 337.556	 15960
 337.558	 15960
 337.561	 15960
 337.563	 15960
 337.565	 15960
 337.568	 15960
 337.570	 15975
 337.572	 16000
 337.575	 15990
 337.577	 15990
 337.579	 15990
 337.582	 15990
 337.584	 16015
 337.587	 16000
 337.589	 16000
 337.591	 16015
 337.594	 16015
 337.596	 16015
 337.598	 16015
 337.601	 16015
 337.603	 16000
 337.605	 16000
 337.608	 16015
 337.610	 16015
 337.612	 16015
 337.615	 16030
 337.617	 16030
 337.619	 16040
 337.622	 16040
 337.624	 16055
 337.626	 16040
 337.629	 16040
 337.631	 16040
 337.633	 16030
 337.636	 16030
 337.638	 16030
 337.640	 16015
 337.643	 16015
 337.645	 16030
 337.647	 16040
 337.650	 16040
 337.652	 16040
 337.655	 16030
 337.657	 16040
 337.659	 16055
 337.662	 16055
 337.664	 16070
 337.666	 16080
 337.669	 16080
 337.671	 16080
 337.673	 16080
 337.676	 16080
 337.678	 16080
 337.680	 16080
 337.683	 16080
 337.685	 16110
 337.687	 16110
 337.690	 16110
 337.692	 16095
 337.694	 16095
 337.697	 16095
 337.699	 16095
 337.701	 16095
 337.704	 16110
 337.706	 16080
 337.708	 16080
 337.711	 16070
 337.713	 16070
 337.715	 16080
 337.718	 16080
 337.720	 16080
 337.722	 16080
 337.725	 16095
 337.727	 16095
 337.730	 16095
 337.732	 16080
 337.734	 16080
 337.737	 16095
 337.739	 16080
 337.741	 16095
 337.744	 16110
 337.746	 16080
 337.748	 16095
 337.751	 16110
 337.753	 16095
 337.755	 16110
 337.758	 16095
 337.760	 16095
 337.762	 16095
 337.765	 16095
 337.767	 16095
 337.769	 16095
 337.772	 16095
 337.774	 16095
 337.776	 16095
 337.779	 16095
 337.781	 16095
 337.783	 16095
 337.786	 16095
 337.788	 16095
 337.790	 16095
 337.793	 16095
 337.795	 16095
 337.798	 16080
 337.800	 16095
 337.802	 16095
 337.805	 16095
 337.807	 16070
 337.809	 16070
 337.812	 16055
 337.814	 16070
 337.816	 16070
 337.819	 16070
 337.821	 16080
 337.823	 16080
 337.826	 16040
 337.828	 16055
 337.830	 16055
 337.833	 16055
 337.835	 16070
 337.837	 16070
 337.840	 16070
 337.842	 16030
 337.844	 16040
 337.847	 16040
 337.849	 16040
 337.851	 16040
 337.854	 16030
 337.856	 16030
 337.858	 16030
 337.861	 16030
 337.863	 16015
 337.865	 16015
 337.868	 16015
 337.870	 16015
 337.873	 16030
 337.875	 16015
 337.877	 16000
 337.880	 16000
 337.882	 16000
 337.884	 16000
 337.887	 16000
 337.889	 16000
 337.891	 15990
 337.894	 15990
 337.896	 15975
 337.898	 15960
 337.901	 15975
 337.903	 15960
 337.905	 15960
 337.908	 15960
 337.910	 15960
 337.912	 15960
 337.915	 15960
 337.917	 15950
 337.919	 15950
 337.922	 15935
 337.924	 15935
 337.926	 15935
 337.929	 15920
 337.931	 15935
 337.933	 15935
 337.936	 15920
 337.938	 15920
 337.941	 15920
 337.943	 15910
 337.945	 15910
 337.948	 15910
 337.950	 15895
 337.952	 15895
 337.955	 15895
 337.957	 15880
 337.959	 15895
 337.962	 15880
 337.964	 15880
 337.966	 15880
 337.969	 15870
 337.971	 15870
 337.973	 15855
 337.976	 15870
 337.978	 15855
 337.980	 15855
 337.983	 15840
 337.985	 15855
 337.987	 15840
 337.990	 15840
 337.992	 15840
 337.994	 15840
 337.997	 15815
 337.999	 15800
 338.001	 15815
 338.004	 15800
 338.006	 15800
 338.009	 15800
 338.011	 15790
 338.013	 15790
 338.016	 15790
 338.018	 15790
 338.020	 15800
 338.023	 15790
 338.025	 15790
 338.027	 15790
 338.030	 15790
 338.032	 15790
 338.034	 15790
 338.037	 15775
 338.039	 15790
 338.041	 15775
 338.044	 15775
 338.046	 15775
 338.048	 15760
 338.051	 15760
 338.053	 15760
 338.055	 15760
 338.058	 15760
 338.060	 15760
 338.062	 15750
 338.065	 15750
 338.067	 15750
 338.069	 15735
 338.072	 15750
 338.074	 15720
 338.076	 15720
 338.079	 15710
 338.081	 15710
 338.084	 15710
 338.086	 15695
 338.088	 15695
 338.091	 15695
 338.093	 15695
 338.095	 15695
 338.098	 15680
 338.100	 15680
 338.102	 15680
 338.105	 15695
 338.107	 15695
 338.109	 15680
 338.112	 15695
 338.114	 15695
 338.116	 15680
 338.119	 15680
 338.121	 15680
 338.123	 15670
 338.126	 15680
 338.128	 15680
 338.130	 15680
 338.133	 15680
 338.135	 15680
 338.137	 15680
 338.140	 15670
 338.142	 15670
 338.144	 15655
 338.147	 15655
 338.149	 15655
 338.152	 15655
 338.154	 15640
 338.156	 15640
 338.159	 15640
 338.161	 15630
 338.163	 15630
 338.166	 15630
 338.168	 15630
 338.170	 15630
 338.173	 15630
 338.175	 15630
 338.177	 15630
 338.180	 15630
 338.182	 15630
 338.184	 15630
 338.187	 15630
 338.189	 15630
 338.191	 15630
 338.194	 15630
 338.196	 15615
 338.198	 15630
 338.201	 15630
 338.203	 15630
 338.205	 15640
 338.208	 15640
 338.210	 15640
 338.212	 15640
 338.215	 15640
 338.217	 15630
 338.219	 15630
 338.222	 15630
 338.224	 15630
 338.227	 15630
 338.229	 15630
 338.231	 15615
 338.234	 15615
 338.236	 15630
 338.238	 15630
 338.241	 15630
 338.243	 15630
 338.245	 15630
 338.248	 15640
 338.250	 15655
 338.252	 15640
 338.255	 15655
 338.257	 15655
 338.259	 15640
 338.262	 15640
 338.264	 15640
 338.266	 15655
 338.269	 15670
 338.271	 15670
 338.273	 15670
 338.276	 15670
 338.278	 15670
 338.280	 15670
 338.283	 15670
 338.285	 15695
 338.287	 15680
 338.290	 15695
 338.292	 15680
 338.295	 15695
 338.297	 15680
 338.299	 15680
 338.302	 15695
 338.304	 15695
 338.306	 15680
 338.309	 15680
 338.311	 15695
 338.313	 15695
 338.316	 15695
 338.318	 15695
 338.320	 15695
 338.323	 15695
 338.325	 15695
 338.327	 15695
 338.330	 15710
 338.332	 15720
 338.334	 15720
 338.337	 15750
 338.339	 15750
 338.341	 15735
 338.344	 15750
 338.346	 15735
 338.348	 15750
 338.351	 15760
 338.353	 15760
 338.355	 15760
 338.358	 15760
 338.360	 15760
 338.362	 15760
 338.365	 15760
 338.367	 15760
 338.370	 15760
 338.372	 15775
 338.374	 15775
 338.377	 15790
 338.379	 15790
 338.381	 15790
 338.384	 15790
 338.386	 15800
 338.388	 15790
 338.391	 15800
 338.393	 15800
 338.395	 15815
 338.398	 15815
 338.400	 15815
 338.402	 15815
 338.405	 15830
 338.407	 15830
 338.409	 15830
 338.412	 15830
 338.414	 15830
 338.416	 15830
 338.419	 15815
 338.421	 15830
 338.423	 15830
 338.426	 15830
 338.428	 15840
 338.430	 15855
 338.433	 15840
 338.435	 15855
 338.438	 15870
 338.440	 15870
 338.442	 15870
 338.445	 15855
 338.447	 15870
 338.449	 15870
 338.452	 15870
 338.454	 15880
 338.456	 15895
 338.459	 15880
 338.461	 15895
 338.463	 15895
 338.466	 15895
 338.468	 15895
 338.470	 15910
 338.473	 15910
 338.475	 15920
 338.477	 15895
 338.480	 15910
 338.482	 15910
 338.484	 15910
 338.487	 15920
 338.489	 15920
 338.491	 15935
 338.494	 15935
 338.496	 15935
 338.498	 15935
 338.501	 15935
 338.503	 15950
 338.505	 15950
 338.508	 15950
 338.510	 15950
 338.513	 15935
 338.515	 15960
 338.517	 15960
 338.520	 15960
 338.522	 15960
 338.524	 15950
 338.527	 15960
 338.529	 15960
 338.531	 15960
 338.534	 15960
 338.536	 15960
 338.538	 15950
 338.541	 15950
 338.543	 15950
 338.545	 15950
 338.548	 15950
 338.550	 15950
 338.552	 15950
 338.555	 15960
 338.557	 15960
 338.559	 15975
 338.562	 15975
 338.564	 15975
 338.566	 15975
 338.569	 15975
 338.571	 15975
 338.573	 15990
 338.576	 16000
 338.578	 15990
 338.581	 16000
 338.583	 16000
 338.585	 16000
 338.588	 15990
 338.590	 16000
 338.592	 16030
 338.595	 16015
 338.597	 16030
 338.599	 16015
 338.602	 16015
 338.604	 16015
 338.606	 16015
 338.609	 16015
 338.611	 16000
 338.613	 16015
 338.616	 16015
 338.618	 16030
 338.620	 16030
 338.623	 16015
 338.625	 16030
 338.627	 16030
 338.630	 16015
 338.632	 16015
 338.634	 16015
 338.637	 16000
 338.639	 16000
 338.641	 16000
 338.644	 15990
 338.646	 16000
 338.649	 15990
 338.651	 15990
 338.653	 15990
 338.656	 15975
 338.658	 15975
 338.660	 15975
 338.663	 15990
 338.665	 15990
 338.667	 15975
 338.670	 15975
 338.672	 15990
 338.674	 16000
 338.677	 16000
 338.679	 16000
 338.681	 16000
 338.684	 16015
 338.686	 16000
 338.688	 16000
 338.691	 16000
 338.693	 16000
 338.695	 15990
 338.698	 15990
 338.700	 15975
 338.702	 15990
 338.705	 15990
 338.707	 15975
 338.709	 15975
 338.712	 15975
 338.714	 15975
 338.716	 15975
 338.719	 15975
 338.721	 15975
 338.724	 15975
 338.726	 15960
 338.728	 15960
 338.731	 15960
 338.733	 15960
 338.735	 15960
 338.738	 15960
 338.740	 15960
 338.742	 15960
 338.745	 15960
 338.747	 15960
 338.749	 15950
 338.752	 15950
 338.754	 15950
 338.756	 15950
 338.759	 15950
 338.761	 15935
 338.763	 15935
 338.766	 15935
 338.768	 15935
 338.770	 15920
 338.773	 15920
 338.775	 15920
 338.777	 15935
 338.780	 15920
 338.782	 15920
 338.784	 15910
 338.787	 15910
 338.789	 15910
 338.792	 15910
 338.794	 15910
 338.796	 15910
 338.799	 15910
 338.801	 15910
 338.803	 15910
 338.806	 15910
 338.808	 15920
 338.810	 15920
 338.813	 15910
 338.815	 15920
 338.817	 15910
 338.820	 15910
 338.822	 15910
 338.824	 15895
 338.827	 15895
 338.829	 15880
 338.831	 15880
 338.834	 15880
 338.836	 15895
 338.838	 15880
 338.841	 15880
 338.843	 15880
 338.845	 15880
 338.848	 15880
 338.850	 15895
 338.852	 15870
 338.855	 15880
 338.857	 15880
 338.859	 15880
 338.862	 15870
 338.864	 15870
 338.867	 15870
 338.869	 15870
 338.871	 15870
 338.874	 15870
 338.876	 15870
 338.878	 15870
 338.881	 15855
 338.883	 15855
 338.885	 15870
 338.888	 15840
 338.890	 15840
 338.892	 15840
 338.895	 15830
 338.897	 15815
 338.899	 15830
 338.902	 15830
 338.904	 15830
 338.906	 15830
 338.909	 15830
 338.911	 15840
 338.913	 15840
 338.916	 15840
 338.918	 15840
 338.920	 15830
 338.923	 15840
 338.925	 15830
 338.927	 15815
 338.930	 15815
 338.932	 15815
 338.935	 15815
 338.937	 15815
 338.939	 15815
 338.942	 15800
 338.944	 15800
 338.946	 15800
 338.949	 15815
 338.951	 15815
 338.953	 15830
 338.956	 15800
 338.958	 15800
 338.960	 15800
 338.963	 15800
 338.965	 15790
 338.967	 15790
 338.970	 15790
 338.972	 15790
 338.974	 15790
 338.977	 15790
 338.979	 15790
 338.981	 15790
 338.984	 15790
 338.986	 15800
 338.988	 15800
 338.991	 15800
 338.993	 15800
 338.995	 15800
 338.998	 15800
 339.000	 15800
 339.002	 15790
 339.005	 15775
 339.007	 15790
 339.010	 15790
 339.012	 15775
 339.014	 15775
 339.017	 15775
 339.019	 15775
 339.021	 15775
 339.024	 15775
 339.026	 15775
 339.028	 15775
 339.031	 15760
 339.033	 15775
 339.035	 15760
 339.038	 15750
 339.040	 15760
 339.042	 15760
 339.045	 15760
 339.047	 15750
 339.049	 15760
 339.052	 15760
 339.054	 15760
 339.056	 15760
 339.059	 15760
 339.061	 15775
 339.063	 15760
 339.066	 15760
 339.068	 15760
 339.070	 15750
 339.073	 15750
 339.075	 15750
 339.078	 15760
 339.080	 15750
 339.082	 15735
 339.085	 15750
 339.087	 15760
 339.089	 15750
 339.092	 15760
 339.094	 15760
 339.096	 15760
 339.099	 15775
 339.101	 15760
 339.103	 15760
 339.106	 15760
 339.108	 15750
 339.110	 15760
 339.113	 15750
 339.115	 15735
 339.117	 15735
 339.120	 15735
 339.122	 15735
 339.124	 15735
 339.127	 15750
 339.129	 15735
 339.131	 15735
 339.134	 15750
 339.136	 15750
 339.138	 15750
 339.141	 15760
 339.143	 15760
 339.145	 15760
 339.148	 15760
 339.150	 15775
 339.153	 15775
 339.155	 15760
 339.157	 15760
 339.160	 15760
 339.162	 15760
 339.164	 15760
 339.167	 15760
 339.169	 15760
 339.171	 15760
 339.174	 15775
 339.176	 15775
 339.178	 15775
 339.181	 15760
 339.183	 15775
 339.185	 15775
 339.188	 15775
 339.190	 15775
 339.192	 15760
 339.195	 15760
 339.197	 15760
 339.199	 15760
 339.202	 15760
 339.204	 15760
 339.206	 15760
 339.209	 15775
 339.211	 15790
 339.213	 15790
 339.216	 15790
 339.218	 15790
 339.221	 15800
 339.223	 15790
 339.225	 15790
 339.228	 15790
 339.230	 15760
 339.232	 15760
 339.235	 15760
 339.237	 15760
 339.239	 15760
 339.242	 15760
 339.244	 15775
 339.246	 15790
 339.249	 15790
 339.251	 15775
 339.253	 15775
 339.256	 15775
 339.258	 15790
 339.260	 15790
 339.263	 15790
 339.265	 15800
 339.267	 15800
 339.270	 15790
 339.272	 15800
 339.274	 15800
 339.277	 15815
 339.279	 15815
 339.281	 15815
 339.284	 15815
 339.286	 15815
 339.289	 15800
 339.291	 15800
 339.293	 15815
 339.296	 15800
 339.298	 15815
 339.300	 15830
 339.303	 15840
 339.305	 15840
 339.307	 15840
 339.310	 15840
 339.312	 15840
 339.314	 15840
 339.317	 15830
 339.319	 15840
 339.321	 15840
 339.324	 15830
 339.326	 15830
 339.328	 15840
 339.331	 15855
 339.333	 15830
 339.335	 15830
 339.338	 15840
 339.340	 15855
 339.342	 15840
 339.345	 15855
 339.347	 15855
 339.349	 15840
 339.352	 15840
 339.354	 15855
 339.356	 15855
 339.359	 15855
 339.361	 15855
 339.364	 15855
 339.366	 15840
 339.368	 15840
 339.371	 15855
 339.373	 15840
 339.375	 15855
 339.378	 15855
 339.380	 15870
 339.382	 15870
 339.385	 15855
 339.387	 15880
 339.389	 15870
 339.392	 15870
 339.394	 15870
 339.396	 15870
 339.399	 15855
 339.401	 15855
 339.403	 15855
 339.406	 15855
 339.408	 15870
 339.410	 15870
 339.413	 15870
 339.415	 15870
 339.417	 15870
 339.420	 15880
 339.422	 15870
 339.424	 15880
 339.427	 15870
 339.429	 15870
 339.432	 15880
 339.434	 15880
 339.436	 15895
 339.439	 15895
 339.441	 15895
 339.443	 15895
 339.446	 15895
 339.448	 15895
 339.450	 15895
 339.453	 15895
 339.455	 15895
 339.457	 15895
 339.460	 15895
 339.462	 15895
 339.464	 15895
 339.467	 15895
 339.469	 15895
 339.471	 15895
 339.474	 15895
 339.476	 15910
 339.478	 15920
 339.481	 15920
 339.483	 15910
 339.485	 15910
 339.488	 15920
 339.490	 15920
 339.492	 15920
 339.495	 15920
 339.497	 15920
 339.499	 15935
 339.502	 15935
 339.504	 15935
 339.507	 15935
 339.509	 15935
 339.511	 15935
 339.514	 15950
 339.516	 15950
 339.518	 15935
 339.521	 15950
 339.523	 15950
 339.525	 15960
 339.528	 15960
 339.530	 15960
 339.532	 15950
 339.535	 15950
 339.537	 15960
 339.539	 15960
 339.542	 15950
 339.544	 15950
 339.546	 15960
 339.549	 15960
 339.551	 15975
 339.553	 15975
 339.556	 15975
 339.558	 15960
 339.560	 15960
 339.563	 15960
 339.565	 15950
 339.567	 15950
 339.570	 15960
 339.572	 15960
 339.575	 15960
 339.577	 15960
 339.579	 15960
 339.582	 15960
 339.584	 15960
 339.586	 15960
 339.589	 15960
 339.591	 15975
 339.593	 15990
 339.596	 15975
 339.598	 15975
 339.600	 15975
 339.603	 15990
 339.605	 15990
 339.607	 15975
 339.610	 15975
 339.612	 15960
 339.614	 15960
 339.617	 15960
 339.619	 15975
 339.621	 15975
 339.624	 15990
 339.626	 15975
 339.628	 15975
 339.631	 15975
 339.633	 15960
 339.635	 15975
 339.638	 15975
 339.640	 15975
 339.642	 15975
 339.645	 15960
 339.647	 15960
 339.650	 15960
 339.652	 15960
 339.654	 15975
 339.657	 15975
 339.659	 15975
 339.661	 15975
 339.664	 15990
 339.666	 15975
 339.668	 15975
 339.671	 15975
 339.673	 15960
 339.675	 15960
 339.678	 15975
 339.680	 15975
 339.682	 15975
 339.685	 15975
 339.687	 15975
 339.689	 15975
 339.692	 15975
 339.694	 15990
 339.696	 15990
 339.699	 15990
 339.701	 15975
 339.703	 15975
 339.706	 15975
 339.708	 15975
 339.710	 15975
 339.713	 15990
 339.715	 16000
 339.718	 16000
 339.720	 16000
 339.722	 16000
 339.725	 16000
 339.727	 16000
 339.729	 16030
 339.732	 16015
 339.734	 16030
 339.736	 16015
 339.739	 16000
 339.741	 16015
 339.743	 16015
 339.746	 16015
 339.748	 16015
 339.750	 16030
 339.753	 16030
 339.755	 16030
 339.757	 16040
 339.760	 16030
 339.762	 16030
 339.764	 16015
 339.767	 16015
 339.769	 16030
 339.771	 16040
 339.774	 16030
 339.776	 16040
 339.778	 16040
 339.781	 16040
 339.783	 16055
 339.785	 16055
 339.788	 16055
 339.790	 16040
 339.793	 16040
 339.795	 16055
 339.797	 16055
 339.800	 16040
 339.802	 16040
 339.804	 16055
 339.807	 16055
 339.809	 16040
 339.811	 16040
 339.814	 16040
 339.816	 16040
 339.818	 16040
 339.821	 16055
 339.823	 16040
 339.825	 16040
 339.828	 16040
 339.830	 16040
 339.832	 16055
 339.835	 16055
 339.837	 16055
 339.839	 16055
 339.842	 16055
 339.844	 16070
 339.846	 16080
 339.849	 16070
 339.851	 16080
 339.853	 16070
 339.856	 16040
 339.858	 16040
 339.861	 16040
 339.863	 16055
 339.865	 16040
 339.868	 16055
 339.870	 16055
 339.872	 16070
 339.875	 16055
 339.877	 16055
 339.879	 16070
 339.882	 16070
 339.884	 16055
 339.886	 16055
 339.889	 16055
 339.891	 16070
 339.893	 16055
 339.896	 16055
 339.898	 16070
 339.900	 16070
 339.903	 16070
 339.905	 16070
 339.907	 16030
 339.910	 16040
 339.912	 16040
 339.914	 16055
 339.917	 16055
 339.919	 16055
 339.921	 16055
 339.924	 16055
 339.926	 16055
 339.929	 16055
 339.931	 16040
 339.933	 16055
 339.936	 16055
 339.938	 16055
 339.940	 16055
 339.943	 16055
 339.945	 16055
 339.947	 16055
 339.950	 16070
 339.952	 16070
 339.954	 16070
 339.957	 16070
 339.959	 16080
 339.961	 16070
 339.964	 16080
 339.966	 16080
 339.968	 16080
 339.971	 16070
 339.973	 16070
 339.975	 16070
 339.978	 16070
 339.980	 16070
 339.982	 16080
 339.985	 16080
 339.987	 16080
 339.989	 16070
 339.992	 16070
 339.994	 16070
 339.996	 16070
 339.999	 16080
 340.001	 16080
 340.004	 16080
 340.006	 16080
 340.008	 16070
 340.011	 16055
 340.013	 16055
 340.015	 16070
 340.018	 16080
 340.020	 16080
 340.022	 16080
 340.025	 16095
 340.027	 16095
 340.029	 16080
 340.032	 16080
 340.034	 16080
 340.036	 16080
 340.039	 16080
 340.041	 16080
 340.043	 16080
 340.046	 16080
 340.048	 16070
 340.050	 16080
 340.053	 16110
 340.055	 16095
 340.057	 16095
 340.060	 16095
 340.062	 16110
 340.064	 16095
 340.067	 16095
 340.069	 16095
 340.072	 16095
 340.074	 16095
 340.076	 16095
 340.079	 16095
 340.081	 16095
 340.083	 16095
 340.086	 16095
 340.088	 16095
 340.090	 16095
 340.093	 16080
 340.095	 16080
 340.097	 16080
 340.100	 16080
 340.102	 16080
 340.104	 16080
 340.107	 16080
 340.109	 16080
 340.111	 16080
 340.114	 16095
 340.116	 16080
 340.118	 16095
 340.121	 16095
 340.123	 16095
 340.125	 16095
 340.128	 16095
 340.130	 16095
 340.132	 16080
 340.135	 16080
 340.137	 16080
 340.139	 16080
 340.142	 16080
 340.144	 16110
 340.147	 16095
 340.149	 16120
 340.151	 16110
 340.154	 16120
 340.156	 16120
 340.158	 16120
 340.161	 16120
 340.163	 16120
 340.165	 16120
 340.168	 16120
 340.170	 16110
 340.172	 16110
 340.175	 16110
 340.177	 16110
 340.179	 16110
 340.182	 16110
 340.184	 16120
 340.186	 16110
 340.189	 16110
 340.191	 16110
 340.193	 16095
 340.196	 16095
 340.198	 16095
 340.200	 16095
 340.203	 16095
 340.205	 16095
 340.207	 16095
 340.210	 16095
 340.212	 16110
 340.215	 16110
 340.217	 16120
 340.219	 16120
 340.222	 16120
 340.224	 16120
 340.226	 16120
 340.229	 16110
 340.231	 16110
 340.233	 16110
 340.236	 16110
 340.238	 16120
 340.240	 16110
 340.243	 16110
 340.245	 16110
 340.247	 16120
 340.250	 16110
 340.252	 16120
 340.254	 16120
 340.257	 16120
 340.259	 16120
 340.261	 16120
 340.264	 16110
 340.266	 16095
 340.268	 16110
 340.271	 16110
 340.273	 16110
 340.275	 16110
 340.278	 16135
 340.280	 16120
 340.282	 16135
 340.285	 16135
 340.287	 16135
 340.290	 16135
 340.292	 16120
 340.294	 16120
 340.297	 16120
 340.299	 16135
 340.301	 16135
 340.304	 16135
 340.306	 16135
 340.308	 16135
 340.311	 16135
 340.313	 16135
 340.315	 16135
 340.318	 16150
 340.320	 16150
 340.322	 16150
 340.325	 16150
 340.327	 16135
 340.329	 16120
 340.332	 16120
 340.334	 16150
 340.336	 16160
 340.339	 16160
 340.341	 16150
 340.343	 16150
 340.346	 16160
 340.348	 16150
 340.350	 16150
 340.353	 16135
 340.355	 16135
 340.358	 16120
 340.360	 16120
 340.362	 16120
 340.365	 16120
 340.367	 16120
 340.369	 16120
 340.372	 16120
 340.374	 16120
 340.376	 16120
 340.379	 16135
 340.381	 16135
 340.383	 16135
 340.386	 16135
 340.388	 16135
 340.390	 16150
 340.393	 16150
 340.395	 16150
 340.397	 16150
 340.400	 16135
 340.402	 16150
 340.404	 16150
 340.407	 16160
 340.409	 16150
 340.411	 16150
 340.414	 16150
 340.416	 16150
 340.418	 16160
 340.421	 16160
 340.423	 16160
 340.425	 16175
 340.428	 16175
 340.430	 16175
 340.433	 16160
 340.435	 16160
 340.437	 16150
 340.440	 16150
 340.442	 16150
 340.444	 16150
 340.447	 16150
 340.449	 16150
 340.451	 16150
 340.454	 16150
 340.456	 16150
 340.458	 16150
 340.461	 16150
 340.463	 16160
 340.465	 16150
 340.468	 16150
 340.470	 16150
 340.472	 16150
 340.475	 16150
 340.477	 16135
 340.479	 16150
 340.482	 16150
 340.484	 16160
 340.486	 16160
 340.489	 16160
 340.491	 16150
 340.493	 16135
 340.496	 16150
 340.498	 16160
 340.501	 16160
 340.503	 16160
 340.505	 16160
 340.508	 16150
 340.510	 16150
 340.512	 16160
 340.515	 16160
 340.517	 16160
 340.519	 16160
 340.522	 16175
 340.524	 16175
 340.526	 16175
 340.529	 16175
 340.531	 16175
 340.533	 16160
 340.536	 16175
 340.538	 16190
 340.540	 16190
 340.543	 16190
 340.545	 16175
 340.547	 16175
 340.550	 16175
 340.552	 16175
 340.554	 16175
 340.557	 16175
 340.559	 16175
 340.561	 16160
 340.564	 16175
 340.566	 16150
 340.569	 16150
 340.571	 16150
 340.573	 16150
 340.576	 16150
 340.578	 16150
 340.580	 16150
 340.583	 16150
 340.585	 16160
 340.587	 16160
 340.590	 16150
 340.592	 16150
 340.594	 16150
 340.597	 16150
 340.599	 16160
 340.601	 16160
 340.604	 16160
 340.606	 16150
 340.608	 16160
 340.611	 16150
 340.613	 16150
 340.615	 16150
 340.618	 16150
 340.620	 16150
 340.622	 16135
 340.625	 16150
 340.627	 16150
 340.629	 16150
 340.632	 16150
 340.634	 16150
 340.636	 16160
 340.639	 16160
 340.641	 16160
 340.644	 16160
 340.646	 16160
 340.648	 16160
 340.651	 16160
 340.653	 16150
 340.655	 16150
 340.658	 16160
 340.660	 16135
 340.662	 16135
 340.665	 16135
 340.667	 16135
 340.669	 16135
 340.672	 16135
 340.674	 16135
 340.676	 16135
 340.679	 16135
 340.681	 16120
 340.683	 16110
 340.686	 16110
 340.688	 16120
 340.690	 16110
 340.693	 16120
 340.695	 16120
 340.697	 16110
 340.700	 16110
 340.702	 16110
 340.704	 16120
 340.707	 16120
 340.709	 16110
 340.712	 16110
 340.714	 16110
 340.716	 16110
 340.719	 16095
 340.721	 16120
 340.723	 16110
 340.726	 16110
 340.728	 16110
 340.730	 16110
 340.733	 16120
 340.735	 16120
 340.737	 16110
 340.740	 16080
 340.742	 16080
 340.744	 16080
 340.747	 16080
 340.749	 16080
 340.751	 16070
 340.754	 16070
 340.756	 16070
 340.758	 16070
 340.761	 16080
 340.763	 16080
 340.765	 16080
 340.768	 16080
 340.770	 16080
 340.772	 16070
 340.775	 16070
 340.777	 16080
 340.779	 16080
 340.782	 16080
 340.784	 16080
 340.787	 16080
 340.789	 16055
 340.791	 16070
 340.794	 16080
 340.796	 16080
 340.798	 16080
 340.801	 16080
 340.803	 16080
 340.805	 16055
 340.808	 16055
 340.810	 16055
 340.812	 16055
 340.815	 16055
 340.817	 16055
 340.819	 16040
 340.822	 16040
 340.824	 16040
 340.826	 16040
 340.829	 16040
 340.831	 16070
 340.833	 16070
 340.836	 16070
 340.838	 16070
 340.840	 16070
 340.843	 16055
 340.845	 16070
 340.847	 16055
 340.850	 16055
 340.852	 16040
 340.855	 16070
 340.857	 16070
 340.859	 16055
 340.862	 16055
 340.864	 16055
 340.866	 16055
 340.869	 16055
 340.871	 16055
 340.873	 16055
 340.876	 16055
 340.878	 16055
 340.880	 16055
 340.883	 16070
 340.885	 16070
 340.887	 16070
 340.890	 16070
 340.892	 16070
 340.894	 16070
 340.897	 16070
 340.899	 16095
 340.901	 16095
 340.904	 16095
 340.906	 16095
 340.908	 16095
 340.911	 16095
 340.913	 16095
 340.915	 16095
 340.918	 16095
 340.920	 16095
 340.922	 16080
 340.925	 16095
 340.927	 16095
 340.930	 16095
 340.932	 16080
 340.934	 16095
 340.937	 16095
 340.939	 16095
 340.941	 16095
 340.944	 16095
 340.946	 16080
 340.948	 16080
 340.951	 16095
 340.953	 16095
 340.955	 16095
 340.958	 16110
 340.960	 16110
 340.962	 16110
 340.965	 16110
 340.967	 16110
 340.969	 16095
 340.972	 16120
 340.974	 16120
 340.976	 16120
 340.979	 16120
 340.981	 16120
 340.983	 16120
 340.986	 16095
 340.988	 16095
 340.990	 16095
 340.993	 16095
 340.995	 16095
 340.998	 16095
 341.000	 16110
 341.002	 16110
 341.005	 16095
 341.007	 16095
 341.009	 16070
 341.012	 16080
 341.014	 16095
 341.016	 16070
 341.019	 16070
 341.021	 16070
 341.023	 16070
 341.026	 16070
 341.028	 16070
 341.030	 16070
 341.033	 16055
 341.035	 16055
 341.037	 16070
 341.040	 16070
 341.042	 16080
 341.044	 16080
 341.047	 16110
 341.049	 16110
 341.051	 16110
 341.054	 16110
 341.056	 16110
 341.058	 16095
 341.061	 16095
 341.063	 16095
 341.065	 16095
 341.068	 16080
 341.070	 16070
 341.073	 16080
 341.075	 16080
 341.077	 16080
 341.080	 16080
 341.082	 16080
 341.084	 16095
 341.087	 16080
 341.089	 16095
 341.091	 16080
 341.094	 16095
 341.096	 16095
 341.098	 16095
 341.101	 16095
 341.103	 16095
 341.105	 16095
 341.108	 16095
 341.110	 16080
 341.112	 16080
 341.115	 16080
 341.117	 16095
 341.119	 16095
 341.122	 16080
 341.124	 16080
 341.126	 16095
 341.129	 16095
 341.131	 16080
 341.133	 16070
 341.136	 16080
 341.138	 16080
 341.141	 16110
 341.143	 16110
 341.145	 16095
 341.148	 16080
 341.150	 16095
 341.152	 16080
 341.155	 16070
 341.157	 16070
 341.159	 16070
 341.162	 16070
 341.164	 16070
 341.166	 16055
 341.169	 16055
 341.171	 16055
 341.173	 16055
 341.176	 16055
 341.178	 16040
 341.180	 16040
 341.183	 16055
 341.185	 16070
 341.187	 16070
 341.190	 16070
 341.192	 16070
 341.194	 16070
 341.197	 16070
 341.199	 16070
 341.201	 16070
 341.204	 16070
 341.206	 16070
 341.209	 16070
 341.211	 16070
 341.213	 16070
 341.216	 16070
 341.218	 16070
 341.220	 16070
 341.223	 16080
 341.225	 16080
 341.227	 16070
 341.230	 16080
 341.232	 16080
 341.234	 16080
 341.237	 16080
 341.239	 16080
 341.241	 16080
 341.244	 16080
 341.246	 16080
 341.248	 16080
 341.251	 16095
 341.253	 16080
 341.255	 16080
 341.258	 16080
 341.260	 16080
 341.262	 16080
 341.265	 16095
 341.267	 16080
 341.269	 16095
 341.272	 16080
 341.274	 16070
 341.276	 16070
 341.279	 16070
 341.281	 16070
 341.284	 16080
 341.286	 16070
 341.288	 16070
 341.291	 16080
 341.293	 16070
 341.295	 16070
 341.298	 16070
 341.300	 16070
 341.302	 16070
 341.305	 16070
 341.307	 16070
 341.309	 16070
 341.312	 16070
 341.314	 16070
 341.316	 16070
 341.319	 16080
 341.321	 16080
 341.323	 16070
 341.326	 16070
 341.328	 16070
 341.330	 16070
 341.333	 16080
 341.335	 16080
 341.337	 16070
 341.340	 16080
 341.342	 16095
 341.344	 16095
 341.347	 16095
 341.349	 16080
 341.352	 16080
 341.354	 16080
 341.356	 16095
 341.359	 16095
 341.361	 16095
 341.363	 16095
 341.366	 16095
 341.368	 16080
 341.370	 16080
 341.373	 16095
 341.375	 16095
 341.377	 16095
 341.380	 16080
 341.382	 16080
 341.384	 16095
 341.387	 16095
 341.389	 16080
 341.391	 16095
 341.394	 16095
 341.396	 16080
 341.398	 16080
 341.401	 16095
 341.403	 16080
 341.405	 16110
 341.408	 16095
 341.410	 16080
 341.412	 16070
 341.415	 16070
 341.417	 16080
 341.419	 16095
 341.422	 16110
 341.424	 16095
 341.427	 16095
 341.429	 16095
 341.431	 16080
 341.434	 16070
 341.436	 16080
 341.438	 16080
 341.441	 16080
 341.443	 16080
 341.445	 16080
 341.448	 16080
 341.450	 16080
 341.452	 16080
 341.455	 16070
 341.457	 16080
 341.459	 16080
 341.462	 16070
 341.464	 16070
 341.466	 16070
 341.469	 16070
 341.471	 16080
 341.473	 16080
 341.476	 16080
 341.478	 16070
 341.480	 16080
 341.483	 16080
 341.485	 16080
 341.487	 16080
 341.490	 16080
 341.492	 16070
 341.495	 16070
 341.497	 16070
 341.499	 16070
 341.502	 16070
 341.504	 16080
 341.506	 16095
 341.509	 16095
 341.511	 16095
 341.513	 16080
 341.516	 16080
 341.518	 16080
 341.520	 16080
 341.523	 16080
 341.525	 16095
 341.527	 16095
 341.530	 16095
 341.532	 16095
 341.534	 16095
 341.537	 16080
 341.539	 16080
 341.541	 16095
 341.544	 16080
 341.546	 16080
 341.548	 16080
 341.551	 16080
 341.553	 16080
 341.555	 16080
 341.558	 16095
 341.560	 16080
 341.562	 16080
 341.565	 16080
 341.567	 16080
 341.570	 16080
 341.572	 16080
 341.574	 16095
 341.577	 16080
 341.579	 16095
 341.581	 16080
 341.584	 16070
 341.586	 16070
 341.588	 16070
 341.591	 16080
 341.593	 16070
 341.595	 16070
 341.598	 16070
 341.600	 16070
