field	5.spe
 332.000	
 332.002	 16080
 332.005	 16080
 332.007	 16080
 332.009	 16095
 332.012	 16095
 332.014	 16095
 332.016	 16095
 332.019	 16095
 332.021	 16110
 332.023	 16110
 332.026	 16110
 332.028	 16110
 332.030	 16110
 332.033	 16110
 332.035	 16095
 332.038	 16110
 332.040	 16110
 332.042	 16110
 332.045	 16135
 332.047	 16135
 332.049	 16120
 332.052	 16110
 332.054	 16120
 332.056	 16110
 332.059	 16110
 332.061	 16110
 332.063	 16110
 332.066	 16110
 332.068	 16110
 332.070	 16110
 332.073	 16110
 332.075	 16110
 332.077	 16110
 332.080	 16095
 332.082	 16110
 332.084	 16095
 332.087	 16080
 332.089	 16080
 332.091	 16095
 332.094	 16095
 332.096	 16095
 332.098	 16095
 332.101	 16095
 332.103	 16095
 332.105	 16095
 332.108	 16095
 332.110	 16095
 332.113	 16095
 332.115	 16080
 332.117	 16080
 332.120	 16080
 332.122	 16080
 332.124	 16080
 332.127	 16080
 332.129	 16080
 332.131	 16080
 332.134	 16080
 332.136	 16095
 332.138	 16080
 332.141	 16080
 332.143	 16080
 332.145	 16080
 332.148	 16080
 332.150	 16080
 332.152	 16080
 332.155	 16080
 332.157	 16080
 332.159	 16080
 332.162	 16095
 332.164	 16095
 332.166	 16095
 332.169	 16095
 332.171	 16110
 332.173	 16110
 332.176	 16110
 332.178	 16110
 332.181	 16110
 332.183	 16120
 332.185	 16120
 332.188	 16120
 332.190	 16120
 332.192	 16110
 332.195	 16110
 332.197	 16110
 332.199	 16110
 332.202	 16095
 332.204	 16120
 332.206	 16120
 332.209	 16120
 332.211	 16110
 332.213	 16110
 332.216	 16110
 332.218	 16095
 332.220	 16120
 332.223	 16095
 332.225	 16110
 332.227	 16095
 332.230	 16095
 332.232	 16095
 332.234	 16095
 332.237	 16095
 332.239	 16095
 332.241	 16095
 332.244	 16095
 332.246	 16095
 332.249	 16095
 332.251	 16095
 332.253	 16110
 332.256	 16095
 332.258	 16110
 332.260	 16120
 332.263	 16095
 332.265	 16095
 332.267	 16095
 332.270	 16095
 332.272	 16080
 332.274	 16095
 332.277	 16080
 332.279	 16095
 332.281	 16080
 332.284	 16095
 332.286	 16095
 332.288	 16095
 332.291	 16080
 332.293	 16080
 332.295	 16080
 332.298	 16080
 332.300	 16080
 332.302	 16080
 332.305	 16080
 332.307	 16070
 332.309	 16095
 332.312	 16080
 332.314	 16080
 332.316	 16095
 332.319	 16080
 332.321	 16095
 332.324	 16080
 332.326	 16080
 332.328	 16080
 332.331	 16080
 332.333	 16080
 332.335	 16080
 332.338	 16080
 332.340	 16080
 332.342	 16080
 332.345	 16070
 332.347	 16080
 332.349	 16080
 332.352	 16080
 332.354	 16080
 332.356	 16080
 332.359	 16080
 332.361	 16095
 332.363	 16095
 332.366	 16095
 332.368	 16095
 332.370	 16080
 332.373	 16095
 332.375	 16110
 332.377	 16095
 332.380	 16095
 332.382	 16095
 332.384	 16095
 332.387	 16095
 332.389	 16110
 332.392	 16095
 332.394	 16095
 332.396	 16095
 332.399	 16095
 332.401	 16095
 332.403	 16095
 332.406	 16110
 332.408	 16110
 332.410	 16110
 332.413	 16110
 332.415	 16110
 332.417	 16110
 332.420	 16110
 332.422	 16120
 332.424	 16120
 332.427	 16110
 332.429	 16110
 332.431	 16110
 332.434	 16095
 332.436	 16110
 332.438	 16120
 332.441	 16120
 332.443	 16120
 332.445	 16110
 332.448	 16110
 332.450	 16095
 332.452	 16095
 332.455	 16095
 332.457	 16095
 332.459	 16095
 332.462	 16095
 332.464	 16070
 332.467	 16080
 332.469	 16095
 332.471	 16095
 332.474	 16070
 332.476	 16080
 332.478	 16080
 332.481	 16080
 332.483	 16080
 332.485	 16080
 332.488	 16080
 332.490	 16095
 332.492	 16095
 332.495	 16080
 332.497	 16080
 332.499	 16080
 332.502	 16095
 332.504	 16070
 332.506	 16080
 332.509	 16095
 332.511	 16095
 332.513	 16095
 332.516	 16095
 332.518	 16070
 332.520	 16080
 332.523	 16095
 332.525	 16080
 332.527	 16080
 332.530	 16080
 332.532	 16080
 332.535	 16095
 332.537	 16080
 332.539	 16095
 332.542	 16095
 332.544	 16095
 332.546	 16110
 332.549	 16095
 332.551	 16095
 332.553	 16095
 332.556	 16080
 332.558	 16080
 332.560	 16095
 332.563	 16080
 332.565	 16080
 332.567	 16110
 332.570	 16110
 332.572	 16095
 332.574	 16080
 332.577	 16080
 332.579	 16110
 332.581	 16110
 332.584	 16110
 332.586	 16110
 332.588	 16110
 332.591	 16110
 332.593	 16095
 332.595	 16120
 332.598	 16110
 332.600	 16110
 332.602	 16110
 332.605	 16110
 332.607	 16110
 332.610	 16095
 332.612	 16095
 332.614	 16110
 332.617	 16120
 332.619	 16120
 332.621	 16120
 332.624	 16120
 332.626	 16110
 332.628	 16110
 332.631	 16110
 332.633	 16110
 332.635	 16110
 332.638	 16110
 332.640	 16110
 332.642	 16095
 332.645	 16110
 332.647	 16095
 332.649	 16095
 332.652	 16110
 332.654	 16110
 332.656	 16095
 332.659	 16095
 332.661	 16110
 332.663	 16120
 332.666	 16120
 332.668	 16120
 332.670	 16135
 332.673	 16120
 332.675	 16120
 332.678	 16120
 332.680	 16135
 332.682	 16135
 332.685	 16135
 332.687	 16135
 332.689	 16135
 332.692	 16120
 332.694	 16110
 332.696	 16120
 332.699	 16110
 332.701	 16110
 332.703	 16110
 332.706	 16110
 332.708	 16120
 332.710	 16135
 332.713	 16135
 332.715	 16135
 332.717	 16135
 332.720	 16135
 332.722	 16120
 332.724	 16120
 332.727	 16135
 332.729	 16135
 332.731	 16135
 332.734	 16120
 332.736	 16120
 332.738	 16135
 332.741	 16135
 332.743	 16120
 332.745	 16120
 332.748	 16135
 332.750	 16135
 332.753	 16120
 332.755	 16120
 332.757	 16135
 332.760	 16135
 332.762	 16150
 332.764	 16150
 332.767	 16150
 332.769	 16135
 332.771	 16135
 332.774	 16135
 332.776	 16150
 332.778	 16135
 332.781	 16135
 332.783	 16135
 332.785	 16135
 332.788	 16150
 332.790	 16150
 332.792	 16150
 332.795	 16120
 332.797	 16135
 332.799	 16120
 332.802	 16120
 332.804	 16120
 332.806	 16110
 332.809	 16120
 332.811	 16120
 332.813	 16135
 332.816	 16120
 332.818	 16120
 332.821	 16110
 332.823	 16110
 332.825	 16110
 332.828	 16110
 332.830	 16110
 332.832	 16110
 332.835	 16110
 332.837	 16120
 332.839	 16120
 332.842	 16120
 332.844	 16120
 332.846	 16120
 332.849	 16120
 332.851	 16120
 332.853	 16120
 332.856	 16120
 332.858	 16120
 332.860	 16110
 332.863	 16110
 332.865	 16095
 332.867	 16120
 332.870	 16120
 332.872	 16120
 332.874	 16120
 332.877	 16135
 332.879	 16150
 332.881	 16135
 332.884	 16135
 332.886	 16150
 332.889	 16150
 332.891	 16150
 332.893	 16135
 332.896	 16135
 332.898	 16135
 332.900	 16120
 332.903	 16120
 332.905	 16120
 332.907	 16135
 332.910	 16150
 332.912	 16120
 332.914	 16110
 332.917	 16095
 332.919	 16110
 332.921	 16095
 332.924	 16110
 332.926	 16110
 332.928	 16095
 332.931	 16095
 332.933	 16095
 332.935	 16110
 332.938	 16110
 332.940	 16110
 332.942	 16110
 332.945	 16110
 332.947	 16110
 332.949	 16110
 332.952	 16110
 332.954	 16110
 332.956	 16110
 332.959	 16120
 332.961	 16135
 332.964	 16135
 332.966	 16135
 332.968	 16135
 332.971	 16120
 332.973	 16120
 332.975	 16135
 332.978	 16135
 332.980	 16135
 332.982	 16120
 332.985	 16135
 332.987	 16135
 332.989	 16135
 332.992	 16120
 332.994	 16135
 332.996	 16120
 332.999	 16150
 333.001	 16150
 333.003	 16150
 333.006	 16135
 333.008	 16135
 333.010	 16135
 333.013	 16135
 333.015	 16150
 333.017	 16150
 333.020	 16150
 333.022	 16160
 333.024	 16160
 333.027	 16160
 333.029	 16160
 333.032	 16160
 333.034	 16160
 333.036	 16150
 333.039	 16150
 333.041	 16160
 333.043	 16160
 333.046	 16160
 333.048	 16160
 333.050	 16150
 333.053	 16135
 333.055	 16135
 333.057	 16135
 333.060	 16135
 333.062	 16135
 333.064	 16135
 333.067	 16135
 333.069	 16135
 333.071	 16135
 333.074	 16135
 333.076	 16135
 333.078	 16135
 333.081	 16135
 333.083	 16120
 333.085	 16120
 333.088	 16120
 333.090	 16110
 333.092	 16120
 333.095	 16120
 333.097	 16110
 333.099	 16110
 333.102	 16120
 333.104	 16120
 333.107	 16135
 333.109	 16120
 333.111	 16110
 333.114	 16120
 333.116	 16120
 333.118	 16120
 333.121	 16120
 333.123	 16135
 333.125	 16135
 333.128	 16135
 333.130	 16135
 333.132	 16120
 333.135	 16120
 333.137	 16135
 333.139	 16135
 333.142	 16150
 333.144	 16160
 333.146	 16160
 333.149	 16150
 333.151	 16135
 333.153	 16135
 333.156	 16150
 333.158	 16150
 333.160	 16160
 333.163	 16150
 333.165	 16160
 333.167	 16150
 333.170	 16150
 333.172	 16135
 333.175	 16150
 333.177	 16135
 333.179	 16150
 333.182	 16150
 333.184	 16150
 333.186	 16150
 333.189	 16150
 333.191	 16135
 333.193	 16150
 333.196	 16150
 333.198	 16150
 333.200	 16150
 333.203	 16150
 333.205	 16150
 333.207	 16150
 333.210	 16150
 333.212	 16160
 333.214	 16160
 333.217	 16160
 333.219	 16160
 333.221	 16160
 333.224	 16150
 333.226	 16150
 333.228	 16150
 333.231	 16135
 333.233	 16135
 333.235	 16150
 333.238	 16150
 333.240	 16150
 333.242	 16150
 333.245	 16150
 333.247	 16150
 333.250	 16160
 333.252	 16150
 333.254	 16150
 333.257	 16150
 333.259	 16135
 333.261	 16135
 333.264	 16135
 333.266	 16135
 333.268	 16135
 333.271	 16150
 333.273	 16160
 333.275	 16150
 333.278	 16150
 333.280	 16135
 333.282	 16135
 333.285	 16135
 333.287	 16150
 333.289	 16150
 333.292	 16150
 333.294	 16150
 333.296	 16150
 333.299	 16160
 333.301	 16150
 333.303	 16150
 333.306	 16150
 333.308	 16150
 333.310	 16135
 333.313	 16135
 333.315	 16150
 333.318	 16120
 333.320	 16120
 333.322	 16120
 333.325	 16120
 333.327	 16120
 333.329	 16110
 333.332	 16120
 333.334	 16135
 333.336	 16135
 333.339	 16135
 333.341	 16135
 333.343	 16135
 333.346	 16135
 333.348	 16135
 333.350	 16135
 333.353	 16135
 333.355	 16135
 333.357	 16135
 333.360	 16120
 333.362	 16120
 333.364	 16120
 333.367	 16120
 333.369	 16120
 333.371	 16120
 333.374	 16120
 333.376	 16120
 333.378	 16120
 333.381	 16120
 333.383	 16120
 333.385	 16120
 333.388	 16120
 333.390	 16120
 333.393	 16120
 333.395	 16120
 333.397	 16110
 333.400	 16120
 333.402	 16120
 333.404	 16110
 333.407	 16110
 333.409	 16110
 333.411	 16110
 333.414	 16110
 333.416	 16110
 333.418	 16120
 333.421	 16120
 333.423	 16135
 333.425	 16135
 333.428	 16135
 333.430	 16110
 333.432	 16120
 333.435	 16120
 333.437	 16120
 333.439	 16120
 333.442	 16120
 333.444	 16120
 333.446	 16120
 333.449	 16120
 333.451	 16120
 333.453	 16120
 333.456	 16110
 333.458	 16110
 333.461	 16110
 333.463	 16110
 333.465	 16120
 333.468	 16120
 333.470	 16120
 333.472	 16120
 333.475	 16120
 333.477	 16110
 333.479	 16120
 333.482	 16120
 333.484	 16120
 333.486	 16120
 333.489	 16110
 333.491	 16110
 333.493	 16120
 333.496	 16120
 333.498	 16135
 333.500	 16120
 333.503	 16120
 333.505	 16120
 333.507	 16120
 333.510	 16120
 333.512	 16120
 333.514	 16120
 333.517	 16135
 333.519	 16135
 333.521	 16135
 333.524	 16135
 333.526	 16135
 333.529	 16135
 333.531	 16135
 333.533	 16135
 333.536	 16135
 333.538	 16150
 333.540	 16135
 333.543	 16120
 333.545	 16120
 333.547	 16120
 333.550	 16110
 333.552	 16120
 333.554	 16120
 333.557	 16120
 333.559	 16120
 333.561	 16120
 333.564	 16135
 333.566	 16135
 333.568	 16120
 333.571	 16120
 333.573	 16110
 333.575	 16110
 333.578	 16110
 333.580	 16120
 333.582	 16120
 333.585	 16120
 333.587	 16120
 333.589	 16135
 333.592	 16135
 333.594	 16135
 333.596	 16150
 333.599	 16150
 333.601	 16150
 333.604	 16150
 333.606	 16150
 333.608	 16150
 333.611	 16135
 333.613	 16150
 333.615	 16150
 333.618	 16150
 333.620	 16135
 333.622	 16135
 333.625	 16135
 333.627	 16135
 333.629	 16135
 333.632	 16135
 333.634	 16135
 333.636	 16150
 333.639	 16150
 333.641	 16120
 333.643	 16135
 333.646	 16135
 333.648	 16135
 333.650	 16135
 333.653	 16135
 333.655	 16135
 333.657	 16135
 333.660	 16135
 333.662	 16135
 333.664	 16135
 333.667	 16135
 333.669	 16135
 333.672	 16135
 333.674	 16120
 333.676	 16135
 333.679	 16135
 333.681	 16135
 333.683	 16135
 333.686	 16135
 333.688	 16135
 333.690	 16135
 333.693	 16120
 333.695	 16120
 333.697	 16120
 333.700	 16120
 333.702	 16150
 333.704	 16135
 333.707	 16120
 333.709	 16120
 333.711	 16135
 333.714	 16120
 333.716	 16120
 333.718	 16120
 333.721	 16120
 333.723	 16135
 333.725	 16120
 333.728	 16120
 333.730	 16120
 333.732	 16120
 333.735	 16110
 333.737	 16120
 333.739	 16110
 333.742	 16120
 333.744	 16120
 333.747	 16135
 333.749	 16135
 333.751	 16120
 333.754	 16120
 333.756	 16120
 333.758	 16120
 333.761	 16120
 333.763	 16120
 333.765	 16110
 333.768	 16120
 333.770	 16120
 333.772	 16120
 333.775	 16120
 333.777	 16135
 333.779	 16150
 333.782	 16150
 333.784	 16150
 333.786	 16135
 333.789	 16135
 333.791	 16160
 333.793	 16160
 333.796	 16135
 333.798	 16150
 333.800	 16150
 333.803	 16150
 333.805	 16150
 333.807	 16135
 333.810	 16135
 333.812	 16135
 333.815	 16135
 333.817	 16120
 333.819	 16135
 333.822	 16135
 333.824	 16135
 333.826	 16135
 333.829	 16135
 333.831	 16120
 333.833	 16120
 333.836	 16135
 333.838	 16120
 333.840	 16120
 333.843	 16135
 333.845	 16120
 333.847	 16135
 333.850	 16135
 333.852	 16135
 333.854	 16135
 333.857	 16135
 333.859	 16135
 333.861	 16120
 333.864	 16135
 333.866	 16095
 333.868	 16110
 333.871	 16110
 333.873	 16110
 333.875	 16120
 333.878	 16120
 333.880	 16120
 333.882	 16110
 333.885	 16120
 333.887	 16120
 333.890	 16120
 333.892	 16120
 333.894	 16110
 333.897	 16120
 333.899	 16120
 333.901	 16120
 333.904	 16120
 333.906	 16120
 333.908	 16120
 333.911	 16120
 333.913	 16120
 333.915	 16110
 333.918	 16120
 333.920	 16120
 333.922	 16135
 333.925	 16120
 333.927	 16135
 333.929	 16120
 333.932	 16120
 333.934	 16120
 333.936	 16135
 333.939	 16135
 333.941	 16135
 333.943	 16135
 333.946	 16120
 333.948	 16120
 333.950	 16120
 333.953	 16135
 333.955	 16135
 333.958	 16150
 333.960	 16150
 333.962	 16120
 333.965	 16135
 333.967	 16135
 333.969	 16135
 333.972	 16135
 333.974	 16135
 333.976	 16150
 333.979	 16160
 333.981	 16160
 333.983	 16135
 333.986	 16150
 333.988	 16150
 333.990	 16135
 333.993	 16135
 333.995	 16135
 333.997	 16120
 334.000	 16120
 334.002	 16120
 334.004	 16120
 334.007	 16135
 334.009	 16135
 334.011	 16150
 334.014	 16120
 334.016	 16135
 334.018	 16135
 334.021	 16135
 334.023	 16135
 334.025	 16150
 334.028	 16120
 334.030	 16135
 334.033	 16120
 334.035	 16135
 334.037	 16135
 334.040	 16135
 334.042	 16120
 334.044	 16120
 334.047	 16135
 334.049	 16135
 334.051	 16135
 334.054	 16120
 334.056	 16120
 334.058	 16120
 334.061	 16110
 334.063	 16110
 334.065	 16110
 334.068	 16095
 334.070	 16095
 334.072	 16110
 334.075	 16110
 334.077	 16110
 334.079	 16095
 334.082	 16095
 334.084	 16110
 334.086	 16120
 334.089	 16120
 334.091	 16120
 334.093	 16110
 334.096	 16120
 334.098	 16120
 334.101	 16120
 334.103	 16120
 334.105	 16120
 334.108	 16135
 334.110	 16135
 334.112	 16150
 334.115	 16150
 334.117	 16160
 334.119	 16150
 334.122	 16150
 334.124	 16150
 334.126	 16150
 334.129	 16150
 334.131	 16150
 334.133	 16160
 334.136	 16160
 334.138	 16160
 334.140	 16160
 334.143	 16160
 334.145	 16160
 334.147	 16160
 334.150	 16160
 334.152	 16160
 334.154	 16175
 334.157	 16160
 334.159	 16160
 334.161	 16175
 334.164	 16160
 334.166	 16160
 334.169	 16160
 334.171	 16150
 334.173	 16150
 334.176	 16150
 334.178	 16150
 334.180	 16150
 334.183	 16150
 334.185	 16150
 334.187	 16135
 334.190	 16150
 334.192	 16150
 334.194	 16160
 334.197	 16160
 334.199	 16160
 334.201	 16175
 334.204	 16175
 334.206	 16160
 334.208	 16160
 334.211	 16150
 334.213	 16160
 334.215	 16160
 334.218	 16160
 334.220	 16175
 334.222	 16175
 334.225	 16175
 334.227	 16160
 334.229	 16160
 334.232	 16150
 334.234	 16160
 334.236	 16150
 334.239	 16150
 334.241	 16150
 334.244	 16150
 334.246	 16150
 334.248	 16150
 334.251	 16135
 334.253	 16150
 334.255	 16150
 334.258	 16160
 334.260	 16160
 334.262	 16150
 334.265	 16150
 334.267	 16135
 334.269	 16150
 334.272	 16160
 334.274	 16160
 334.276	 16160
 334.279	 16175
 334.281	 16175
 334.283	 16160
 334.286	 16160
 334.288	 16160
 334.290	 16160
 334.293	 16160
 334.295	 16160
 334.297	 16175
 334.300	 16175
 334.302	 16175
 334.304	 16175
 334.307	 16175
 334.309	 16175
 334.312	 16160
 334.314	 16175
 334.316	 16190
 334.319	 16175
 334.321	 16175
 334.323	 16160
 334.326	 16175
 334.328	 16175
 334.330	 16175
 334.333	 16175
 334.335	 16175
 334.337	 16175
 334.340	 16175
 334.342	 16190
 334.344	 16175
 334.347	 16175
 334.349	 16175
 334.351	 16175
 334.354	 16175
 334.356	 16190
 334.358	 16175
 334.361	 16190
 334.363	 16190
 334.365	 16190
 334.368	 16200
 334.370	 16200
 334.372	 16200
 334.375	 16200
 334.377	 16200
 334.379	 16200
 334.382	 16200
 334.384	 16200
 334.387	 16200
 334.389	 16215
 334.391	 16200
 334.394	 16200
 334.396	 16200
 334.398	 16200
 334.401	 16200
 334.403	 16200
 334.405	 16200
 334.408	 16215
 334.410	 16200
 334.412	 16190
 334.415	 16190
 334.417	 16190
 334.419	 16200
 334.422	 16200
 334.424	 16190
 334.426	 16200
 334.429	 16200
 334.431	 16200
 334.433	 16200
 334.436	 16200
 334.438	 16200
 334.440	 16200
 334.443	 16200
 334.445	 16200
 334.447	 16215
 334.450	 16200
 334.452	 16200
 334.455	 16200
 334.457	 16190
 334.459	 16190
 334.462	 16190
 334.464	 16190
 334.466	 16175
 334.469	 16200
 334.471	 16175
 334.473	 16190
 334.476	 16200
 334.478	 16200
 334.480	 16200
 334.483	 16200
 334.485	 16200
 334.487	 16200
 334.490	 16200
 334.492	 16200
 334.494	 16215
 334.497	 16215
 334.499	 16215
 334.501	 16215
 334.504	 16215
 334.506	 16215
 334.508	 16215
 334.511	 16230
 334.513	 16230
 334.515	 16230
 334.518	 16230
 334.520	 16230
 334.522	 16215
 334.525	 16215
 334.527	 16215
 334.530	 16200
 334.532	 16215
 334.534	 16215
 334.537	 16200
 334.539	 16200
 334.541	 16200
 334.544	 16200
 334.546	 16200
 334.548	 16215
 334.551	 16215
 334.553	 16215
 334.555	 16200
 334.558	 16200
 334.560	 16200
 334.562	 16230
 334.565	 16230
 334.567	 16215
 334.569	 16215
 334.572	 16230
 334.574	 16240
 334.576	 16240
 334.579	 16240
 334.581	 16240
 334.583	 16255
 334.586	 16240
 334.588	 16240
 334.590	 16230
 334.593	 16240
 334.595	 16255
 334.598	 16255
 334.600	 16270
 334.602	 16255
 334.605	 16255
 334.607	 16270
 334.609	 16270
 334.612	 16270
 334.614	 16270
 334.616	 16255
 334.619	 16255
 334.621	 16240
 334.623	 16255
 334.626	 16255
 334.628	 16255
 334.630	 16255
 334.633	 16255
 334.635	 16255
 334.637	 16255
 334.640	 16255
 334.642	 16240
 334.644	 16255
 334.647	 16255
 334.649	 16255
 334.651	 16255
 334.654	 16255
 334.656	 16255
 334.658	 16255
 334.661	 16255
 334.663	 16255
 334.665	 16255
 334.668	 16270
 334.670	 16270
 334.673	 16270
 334.675	 16270
 334.677	 16270
 334.680	 16270
 334.682	 16270
 334.684	 16270
 334.687	 16270
 334.689	 16270
 334.691	 16280
 334.694	 16270
 334.696	 16270
 334.698	 16270
 334.701	 16270
 334.703	 16295
 334.705	 16295
 334.708	 16280
 334.710	 16270
 334.712	 16280
 334.715	 16280
 334.717	 16295
 334.719	 16280
 334.722	 16295
 334.724	 16295
 334.726	 16295
 334.729	 16280
 334.731	 16280
 334.733	 16280
 334.736	 16310
 334.738	 16295
 334.741	 16295
 334.743	 16295
 334.745	 16295
 334.748	 16310
 334.750	 16310
 334.752	 16310
 334.755	 16320
 334.757	 16320
 334.759	 16310
 334.762	 16320
 334.764	 16295
 334.766	 16295
 334.769	 16280
 334.771	 16295
 334.773	 16295
 334.776	 16295
 334.778	 16295
 334.780	 16280
 334.783	 16295
 334.785	 16295
 334.787	 16310
 334.790	 16310
 334.792	 16310
 334.794	 16310
 334.797	 16310
 334.799	 16310
 334.801	 16310
 334.804	 16310
 334.806	 16310
 334.809	 16310
 334.811	 16310
 334.813	 16310
 334.816	 16310
 334.818	 16310
 334.820	 16310
 334.823	 16310
 334.825	 16310
 334.827	 16295
 334.830	 16295
 334.832	 16310
 334.834	 16310
 334.837	 16310
 334.839	 16310
 334.841	 16295
 334.844	 16295
 334.846	 16310
 334.848	 16310
 334.851	 16310
 334.853	 16310
 334.855	 16310
 334.858	 16310
 334.860	 16310
 334.862	 16310
 334.865	 16310
 334.867	 16310
 334.869	 16320
 334.872	 16320
 334.874	 16320
 334.876	 16320
 334.879	 16320
 334.881	 16320
 334.884	 16310
 334.886	 16320
 334.888	 16310
 334.891	 16320
 334.893	 16320
 334.895	 16335
 334.898	 16320
 334.900	 16335
 334.902	 16320
 334.905	 16335
 334.907	 16335
 334.909	 16335
 334.912	 16335
 334.914	 16320
 334.916	 16335
 334.919	 16320
 334.921	 16335
 334.923	 16335
 334.926	 16320
 334.928	 16335
 334.930	 16335
 334.933	 16320
 334.935	 16320
 334.937	 16320
 334.940	 16320
 334.942	 16310
 334.944	 16320
 334.947	 16320
 334.949	 16320
 334.952	 16310
 334.954	 16320
 334.956	 16320
 334.959	 16320
 334.961	 16335
 334.963	 16320
 334.966	 16320
 334.968	 16320
 334.970	 16320
 334.973	 16320
 334.975	 16335
 334.977	 16335
 334.980	 16335
 334.982	 16335
 334.984	 16350
 334.987	 16335
 334.989	 16320
 334.991	 16320
 334.994	 16320
 334.996	 16320
 334.998	 16320
 335.001	 16335
 335.003	 16335
 335.005	 16320
 335.008	 16335
 335.010	 16320
 335.012	 16320
 335.015	 16320
 335.017	 16320
 335.019	 16320
 335.022	 16310
 335.024	 16320
 335.027	 16310
 335.029	 16310
 335.031	 16310
 335.034	 16320
 335.036	 16310
 335.038	 16320
 335.041	 16335
 335.043	 16320
 335.045	 16320
 335.048	 16350
 335.050	 16335
 335.052	 16320
 335.055	 16320
 335.057	 16310
 335.059	 16320
 335.062	 16335
 335.064	 16310
 335.066	 16310
 335.069	 16310
 335.071	 16310
 335.073	 16310
 335.076	 16310
 335.078	 16310
 335.080	 16310
 335.083	 16310
 335.085	 16295
 335.087	 16295
 335.090	 16310
 335.092	 16295
 335.095	 16295
 335.097	 16280
 335.099	 16280
 335.102	 16270
 335.104	 16270
 335.106	 16280
 335.109	 16280
 335.111	 16280
 335.113	 16295
 335.116	 16280
 335.118	 16280
 335.120	 16280
 335.123	 16270
 335.125	 16295
 335.127	 16295
 335.130	 16295
 335.132	 16280
 335.134	 16270
 335.137	 16270
 335.139	 16270
 335.141	 16255
 335.144	 16255
 335.146	 16255
 335.148	 16270
 335.151	 16270
 335.153	 16280
 335.155	 16280
 335.158	 16280
 335.160	 16280
 335.162	 16270
 335.165	 16270
 335.167	 16255
 335.170	 16270
 335.172	 16270
 335.174	 16270
 335.177	 16280
 335.179	 16270
 335.181	 16280
 335.184	 16270
 335.186	 16270
 335.188	 16255
 335.191	 16255
 335.193	 16270
 335.195	 16280
 335.198	 16280
 335.200	 16280
 335.202	 16255
 335.205	 16240
 335.207	 16240
 335.209	 16240
 335.212	 16240
 335.214	 16240
 335.216	 16240
 335.219	 16240
 335.221	 16240
 335.223	 16255
 335.226	 16270
 335.228	 16255
 335.230	 16255
 335.233	 16270
 335.235	 16255
 335.238	 16255
 335.240	 16255
 335.242	 16270
 335.245	 16270
 335.247	 16270
 335.249	 16270
 335.252	 16270
 335.254	 16280
 335.256	 16280
 335.259	 16270
 335.261	 16280
 335.263	 16255
 335.266	 16240
 335.268	 16255
 335.270	 16255
 335.273	 16240
 335.275	 16255
 335.277	 16240
 335.280	 16240
 335.282	 16230
 335.284	 16230
 335.287	 16230
 335.289	 16230
 335.291	 16230
 335.294	 16230
 335.296	 16230
 335.298	 16230
 335.301	 16230
 335.303	 16230
 335.305	 16230
 335.308	 16230
 335.310	 16215
 335.313	 16230
 335.315	 16230
 335.317	 16240
 335.320	 16230
 335.322	 16230
 335.324	 16230
 335.327	 16230
 335.329	 16230
 335.331	 16230
 335.334	 16230
 335.336	 16230
 335.338	 16230
 335.341	 16230
 335.343	 16215
 335.345	 16215
 335.348	 16215
 335.350	 16215
 335.352	 16215
 335.355	 16230
 335.357	 16230
 335.359	 16215
 335.362	 16215
 335.364	 16230
 335.366	 16215
 335.369	 16215
 335.371	 16215
 335.373	 16215
 335.376	 16215
 335.378	 16200
 335.381	 16200
 335.383	 16200
 335.385	 16200
 335.388	 16215
 335.390	 16200
 335.392	 16230
 335.395	 16230
 335.397	 16215
 335.399	 16215
 335.402	 16215
 335.404	 16215
 335.406	 16200
 335.409	 16200
 335.411	 16200
 335.413	 16215
 335.416	 16200
 335.418	 16200
 335.420	 16200
 335.423	 16200
 335.425	 16175
 335.427	 16175
 335.430	 16175
 335.432	 16175
 335.434	 16175
 335.437	 16175
 335.439	 16175
 335.441	 16190
 335.444	 16190
 335.446	 16190
 335.449	 16190
 335.451	 16200
 335.453	 16190
 335.456	 16190
 335.458	 16190
 335.460	 16175
 335.463	 16175
 335.465	 16175
 335.467	 16175
 335.470	 16175
 335.472	 16160
 335.474	 16175
 335.477	 16175
 335.479	 16175
 335.481	 16190
 335.484	 16190
 335.486	 16190
 335.488	 16190
 335.491	 16200
 335.493	 16200
 335.495	 16200
 335.498	 16200
 335.500	 16200
 335.502	 16215
 335.505	 16230
 335.507	 16230
 335.509	 16215
 335.512	 16230
 335.514	 16215
 335.516	 16215
 335.519	 16215
 335.521	 16215
 335.524	 16215
 335.526	 16230
 335.528	 16230
 335.531	 16215
 335.533	 16230
 335.535	 16215
 335.538	 16215
 335.540	 16230
 335.542	 16230
 335.545	 16230
 335.547	 16230
 335.549	 16230
 335.552	 16230
 335.554	 16230
 335.556	 16215
 335.559	 16240
 335.561	 16240
 335.563	 16240
 335.566	 16240
 335.568	 16240
 335.570	 16230
 335.573	 16255
 335.575	 16255
 335.577	 16255
 335.580	 16240
 335.582	 16240
 335.584	 16240
 335.587	 16240
 335.589	 16240
 335.592	 16240
 335.594	 16240
 335.596	 16240
 335.599	 16255
 335.601	 16255
 335.603	 16240
 335.606	 16255
 335.608	 16255
 335.610	 16255
 335.613	 16270
 335.615	 16270
 335.617	 16280
 335.620	 16270
 335.622	 16270
 335.624	 16270
 335.627	 16270
 335.629	 16255
 335.631	 16270
 335.634	 16270
 335.636	 16280
 335.638	 16280
 335.641	 16280
 335.643	 16295
 335.645	 16280
 335.648	 16270
 335.650	 16295
 335.652	 16310
 335.655	 16310
 335.657	 16295
 335.659	 16295
 335.662	 16295
 335.664	 16310
 335.667	 16310
 335.669	 16295
 335.671	 16310
 335.674	 16295
 335.676	 16320
 335.678	 16320
 335.681	 16320
 335.683	 16320
 335.685	 16310
 335.688	 16310
 335.690	 16310
 335.692	 16320
 335.695	 16320
 335.697	 16320
 335.699	 16320
 335.702	 16320
 335.704	 16320
 335.706	 16310
 335.709	 16320
 335.711	 16335
 335.713	 16350
 335.716	 16335
 335.718	 16335
 335.720	 16335
 335.723	 16350
 335.725	 16350
 335.727	 16335
 335.730	 16335
 335.732	 16335
 335.735	 16335
 335.737	 16335
 335.739	 16335
 335.742	 16360
 335.744	 16360
 335.746	 16360
 335.749	 16360
 335.751	 16350
 335.753	 16350
 335.756	 16360
 335.758	 16360
 335.760	 16360
 335.763	 16360
 335.765	 16360
 335.767	 16360
 335.770	 16360
 335.772	 16360
 335.774	 16360
 335.777	 16360
 335.779	 16360
 335.781	 16360
 335.784	 16375
 335.786	 16390
 335.788	 16375
 335.791	 16375
 335.793	 16390
 335.795	 16390
 335.798	 16375
 335.800	 16375
 335.802	 16390
 335.805	 16390
 335.807	 16390
 335.810	 16375
 335.812	 16375
 335.814	 16375
 335.817	 16375
 335.819	 16375
 335.821	 16375
 335.824	 16375
 335.826	 16390
 335.828	 16390
 335.831	 16375
 335.833	 16390
 335.835	 16390
 335.838	 16390
 335.840	 16390
 335.842	 16390
 335.845	 16375
 335.847	 16375
 335.849	 16375
 335.852	 16375
 335.854	 16375
 335.856	 16390
 335.859	 16390
 335.861	 16390
 335.863	 16390
 335.866	 16390
 335.868	 16390
 335.870	 16390
 335.873	 16390
 335.875	 16390
 335.878	 16390
 335.880	 16390
 335.882	 16375
 335.885	 16390
 335.887	 16390
 335.889	 16390
 335.892	 16375
 335.894	 16390
 335.896	 16390
 335.899	 16375
 335.901	 16375
 335.903	 16390
 335.906	 16400
 335.908	 16390
 335.910	 16390
 335.913	 16390
 335.915	 16390
 335.917	 16390
 335.920	 16390
 335.922	 16400
 335.924	 16400
 335.927	 16400
 335.929	 16400
 335.931	 16400
 335.934	 16415
 335.936	 16415
 335.938	 16400
 335.941	 16400
 335.943	 16400
 335.945	 16390
 335.948	 16390
 335.950	 16390
 335.953	 16390
 335.955	 16390
 335.957	 16400
 335.960	 16415
 335.962	 16400
 335.964	 16400
 335.967	 16415
 335.969	 16430
 335.971	 16415
 335.974	 16415
 335.976	 16415
 335.978	 16400
 335.981	 16390
 335.983	 16390
 335.985	 16390
 335.988	 16390
 335.990	 16390
 335.992	 16390
 335.995	 16390
 335.997	 16390
 335.999	 16390
 336.002	 16390
 336.004	 16375
 336.006	 16390
 336.009	 16390
 336.011	 16400
 336.013	 16390
 336.016	 16390
 336.018	 16390
 336.021	 16390
 336.023	 16390
 336.025	 16400
 336.028	 16390
 336.030	 16390
 336.032	 16390
 336.035	 16360
 336.037	 16375
 336.039	 16375
 336.042	 16360
 336.044	 16360
 336.046	 16375
 336.049	 16360
 336.051	 16350
 336.053	 16335
 336.056	 16335
 336.058	 16375
 336.060	 16375
 336.063	 16350
 336.065	 16350
 336.067	 16350
 336.070	 16350
 336.072	 16350
 336.074	 16350
 336.077	 16350
 336.079	 16350
 336.081	 16350
 336.084	 16320
 336.086	 16335
 336.089	 16320
 336.091	 16335
 336.093	 16320
 336.096	 16310
 336.098	 16320
 336.100	 16310
 336.103	 16320
 336.105	 16320
 336.107	 16310
 336.110	 16320
 336.112	 16320
 336.114	 16310
 336.117	 16310
 336.119	 16310
 336.121	 16310
 336.124	 16295
 336.126	 16310
 336.128	 16295
 336.131	 16295
 336.133	 16295
 336.135	 16280
 336.138	 16295
 336.140	 16295
 336.142	 16295
 336.145	 16280
 336.147	 16280
 336.149	 16280
 336.152	 16280
 336.154	 16270
 336.156	 16270
 336.159	 16255
 336.161	 16270
 336.164	 16270
 336.166	 16255
 336.168	 16255
 336.171	 16255
 336.173	 16255
 336.175	 16255
 336.178	 16255
 336.180	 16255
 336.182	 16255
 336.185	 16255
 336.187	 16255
 336.189	 16255
 336.192	 16240
 336.194	 16240
 336.196	 16230
 336.199	 16215
 336.201	 16230
 336.203	 16230
 336.206	 16230
 336.208	 16230
 336.210	 16215
 336.213	 16230
 336.215	 16200
 336.217	 16200
 336.220	 16200
 336.222	 16190
 336.224	 16190
 336.227	 16190
 336.229	 16190
 336.232	 16190
 336.234	 16190
 336.236	 16190
 336.239	 16190
 336.241	 16200
 336.243	 16190
 336.246	 16200
 336.248	 16190
 336.250	 16175
 336.253	 16175
 336.255	 16160
 336.257	 16175
 336.260	 16175
 336.262	 16190
 336.264	 16175
 336.267	 16190
 336.269	 16175
 336.271	 16175
 336.274	 16175
 336.276	 16175
 336.278	 16160
 336.281	 16160
 336.283	 16160
 336.285	 16150
 336.288	 16160
 336.290	 16160
 336.292	 16160
 336.295	 16160
 336.297	 16160
 336.299	 16160
 336.302	 16160
 336.304	 16150
 336.307	 16150
 336.309	 16150
 336.311	 16135
 336.314	 16135
 336.316	 16150
 336.318	 16135
 336.321	 16135
 336.323	 16135
 336.325	 16135
 336.328	 16135
 336.330	 16135
 336.332	 16135
 336.335	 16135
 336.337	 16135
 336.339	 16135
 336.342	 16135
 336.344	 16120
 336.346	 16120
 336.349	 16110
 336.351	 16110
 336.353	 16120
 336.356	 16120
 336.358	 16120
 336.360	 16120
 336.363	 16135
 336.365	 16120
 336.367	 16120
 336.370	 16135
 336.372	 16135
 336.375	 16150
 336.377	 16135
 336.379	 16135
 336.382	 16135
 336.384	 16135
 336.386	 16135
 336.389	 16135
 336.391	 16135
 336.393	 16120
 336.396	 16110
 336.398	 16110
 336.400	 16110
 336.403	 16095
 336.405	 16095
 336.407	 16110
 336.410	 16110
 336.412	 16110
 336.414	 16120
 336.417	 16110
 336.419	 16095
 336.421	 16110
 336.424	 16095
 336.426	 16095
 336.428	 16095
 336.431	 16095
 336.433	 16095
 336.435	 16095
 336.438	 16095
 336.440	 16095
 336.442	 16095
 336.445	 16110
 336.447	 16120
 336.450	 16110
 336.452	 16120
 336.454	 16120
 336.457	 16120
 336.459	 16120
 336.461	 16120
 336.464	 16135
 336.466	 16135
 336.468	 16120
 336.471	 16120
 336.473	 16120
 336.475	 16150
 336.478	 16135
 336.480	 16135
 336.482	 16135
 336.485	 16135
 336.487	 16135
 336.489	 16135
 336.492	 16120
 336.494	 16120
 336.496	 16120
 336.499	 16120
 336.501	 16120
 336.503	 16135
 336.506	 16135
 336.508	 16135
 336.510	 16120
 336.513	 16135
 336.515	 16135
 336.518	 16135
 336.520	 16135
 336.522	 16135
 336.525	 16135
 336.527	 16150
 336.529	 16135
 336.532	 16150
 336.534	 16150
 336.536	 16150
 336.539	 16175
 336.541	 16175
 336.543	 16175
 336.546	 16160
 336.548	 16175
 336.550	 16160
 336.553	 16190
 336.555	 16200
 336.557	 16200
 336.560	 16200
 336.562	 16200
 336.564	 16200
 336.567	 16200
 336.569	 16215
 336.571	 16200
 336.574	 16230
 336.576	 16230
 336.578	 16240
 336.581	 16240
 336.583	 16230
 336.585	 16230
 336.588	 16215
 336.590	 16230
 336.593	 16230
 336.595	 16230
 336.597	 16230
 336.600	 16230
 336.602	 16230
 336.604	 16230
 336.607	 16240
 336.609	 16255
 336.611	 16240
 336.614	 16240
 336.616	 16270
 336.618	 16255
 336.621	 16270
 336.623	 16240
 336.625	 16255
 336.628	 16270
 336.630	 16270
 336.632	 16270
 336.635	 16270
 336.637	 16270
 336.639	 16270
 336.642	 16280
 336.644	 16280
 336.646	 16280
 336.649	 16280
 336.651	 16280
 336.653	 16295
 336.656	 16295
 336.658	 16295
 336.661	 16295
 336.663	 16295
 336.665	 16295
 336.668	 16295
 336.670	 16295
 336.672	 16295
 336.675	 16295
 336.677	 16295
 336.679	 16320
 336.682	 16310
 336.684	 16320
 336.686	 16320
 336.689	 16320
 336.691	 16320
 336.693	 16320
 336.696	 16320
 336.698	 16320
 336.700	 16310
 336.703	 16310
 336.705	 16310
 336.707	 16310
 336.710	 16310
 336.712	 16320
 336.714	 16335
 336.717	 16335
 336.719	 16335
 336.721	 16335
 336.724	 16350
 336.726	 16350
 336.729	 16350
 336.731	 16335
 336.733	 16335
 336.736	 16335
 336.738	 16335
 336.740	 16335
 336.743	 16335
 336.745	 16335
 336.747	 16335
 336.750	 16335
 336.752	 16335
 336.754	 16320
 336.757	 16320
 336.759	 16320
 336.761	 16320
 336.764	 16350
 336.766	 16350
 336.768	 16360
 336.771	 16350
 336.773	 16350
 336.775	 16350
 336.778	 16350
 336.780	 16350
 336.782	 16335
 336.785	 16320
 336.787	 16320
 336.789	 16335
 336.792	 16335
 336.794	 16335
 336.796	 16335
 336.799	 16335
 336.801	 16335
 336.804	 16350
 336.806	 16335
 336.808	 16335
 336.811	 16335
 336.813	 16335
 336.815	 16350
 336.818	 16350
 336.820	 16360
 336.822	 16360
 336.825	 16350
 336.827	 16360
 336.829	 16360
 336.832	 16360
 336.834	 16335
 336.836	 16335
 336.839	 16335
 336.841	 16360
 336.843	 16360
 336.846	 16360
 336.848	 16350
 336.850	 16350
 336.853	 16350
 336.855	 16350
 336.857	 16350
 336.860	 16350
 336.862	 16350
 336.864	 16350
 336.867	 16350
 336.869	 16350
 336.872	 16360
 336.874	 16335
 336.876	 16335
 336.879	 16335
 336.881	 16335
 336.883	 16335
 336.886	 16335
 336.888	 16335
 336.890	 16320
 336.893	 16310
 336.895	 16295
 336.897	 16310
 336.900	 16295
 336.902	 16295
 336.904	 16295
 336.907	 16295
 336.909	 16280
 336.911	 16280
 336.914	 16270
 336.916	 16270
 336.918	 16280
 336.921	 16280
 336.923	 16280
 336.925	 16295
 336.928	 16270
 336.930	 16270
 336.932	 16270
 336.935	 16270
 336.937	 16270
 336.939	 16270
 336.942	 16255
 336.944	 16270
 336.947	 16240
 336.949	 16240
 336.951	 16230
 336.954	 16240
 336.956	 16240
 336.958	 16240
 336.961	 16240
 336.963	 16230
 336.965	 16240
 336.968	 16230
 336.970	 16230
 336.972	 16230
 336.975	 16230
 336.977	 16215
 336.979	 16215
 336.982	 16215
 336.984	 16215
 336.986	 16215
 336.989	 16200
 336.991	 16200
 336.993	 16200
 336.996	 16190
 336.998	 16190
 337.000	 16175
 337.003	 16200
 337.005	 16200
 337.007	 16200
 337.010	 16190
 337.012	 16175
 337.015	 16175
 337.017	 16175
 337.019	 16175
 337.022	 16175
 337.024	 16160
 337.026	 16160
 337.029	 16160
 337.031	 16160
 337.033	 16160
 337.036	 16150
 337.038	 16150
 337.040	 16135
 337.043	 16135
 337.045	 16120
 337.047	 16120
 337.050	 16120
 337.052	 16120
 337.054	 16120
 337.057	 16110
 337.059	 16110
 337.061	 16110
 337.064	 16095
 337.066	 16080
 337.068	 16080
 337.071	 16080
 337.073	 16080
 337.075	 16080
 337.078	 16070
 337.080	 16055
 337.082	 16055
 337.085	 16055
 337.087	 16040
 337.090	 16040
 337.092	 16040
 337.094	 16055
 337.097	 16030
 337.099	 16030
 337.101	 16030
 337.104	 16015
 337.106	 16000
 337.108	 16000
 337.111	 16000
 337.113	 16015
 337.115	 16015
 337.118	 16015
 337.120	 16000
 337.122	 16000
 337.125	 16000
 337.127	 16000
 337.129	 16000
 337.132	 16000
 337.134	 16000
 337.136	 16000
 337.139	 16000
 337.141	 16000
 337.143	 15990
 337.146	 15990
 337.148	 15975
 337.150	 15975
 337.153	 15975
 337.155	 15960
 337.158	 15975
 337.160	 15960
 337.162	 15975
 337.165	 15960
 337.167	 15950
 337.169	 15935
 337.172	 15935
 337.174	 15935
 337.176	 15935
 337.179	 15950
 337.181	 15950
 337.183	 15935
 337.186	 15935
 337.188	 15920
 337.190	 15920
 337.193	 15920
 337.195	 15920
 337.197	 15910
 337.200	 15910
 337.202	 15910
 337.204	 15910
 337.207	 15910
 337.209	 15910
 337.211	 15920
 337.214	 15920
 337.216	 15910
 337.218	 15920
 337.221	 15935
 337.223	 15935
 337.225	 15935
 337.228	 15920
 337.230	 15910
 337.233	 15910
 337.235	 15910
 337.237	 15910
 337.240	 15910
 337.242	 15910
 337.244	 15910
 337.247	 15910
 337.249	 15910
 337.251	 15910
 337.254	 15910
 337.256	 15895
 337.258	 15910
 337.261	 15895
 337.263	 15910
 337.265	 15910
 337.268	 15895
 337.270	 15895
 337.272	 15895
 337.275	 15895
 337.277	 15910
 337.279	 15910
 337.282	 15910
 337.284	 15910
 337.286	 15910
 337.289	 15895
 337.291	 15910
 337.293	 15910
 337.296	 15920
 337.298	 15920
 337.301	 15920
 337.303	 15910
 337.305	 15920
 337.308	 15920
 337.310	 15910
 337.312	 15910
 337.315	 15895
 337.317	 15895
 337.319	 15895
 337.322	 15895
 337.324	 15895
 337.326	 15895
 337.329	 15895
 337.331	 15880
 337.333	 15880
 337.336	 15880
 337.338	 15895
 337.340	 15895
 337.343	 15895
 337.345	 15895
 337.347	 15895
 337.350	 15895
 337.352	 15895
 337.354	 15895
 337.357	 15895
 337.359	 15910
 337.361	 15910
 337.364	 15910
 337.366	 15910
 337.369	 15920
 337.371	 15895
 337.373	 15910
 337.376	 15920
 337.378	 15910
 337.380	 15895
 337.383	 15910
 337.385	 15910
 337.387	 15920
 337.390	 15920
 337.392	 15920
 337.394	 15920
 337.397	 15920
 337.399	 15920
 337.401	 15920
 337.404	 15910
 337.406	 15920
 337.408	 15920
 337.411	 15920
 337.413	 15935
 337.415	 15920
 337.418	 15935
 337.420	 15935
 337.422	 15935
 337.425	 15935
 337.427	 15920
 337.429	 15935
 337.432	 15950
 337.434	 15950
 337.436	 15950
 337.439	 15950
 337.441	 15950
 337.444	 15950
 337.446	 15935
 337.448	 15920
 337.451	 15920
 337.453	 15920
 337.455	 15920
 337.458	 15920
 337.460	 15920
 337.462	 15935
 337.465	 15935
 337.467	 15950
 337.469	 15950
 337.472	 15950
 337.474	 15950
 337.476	 15960
 337.479	 15975
 337.481	 15990
 337.483	 15990
 337.486	 15975
 337.488	 15975
 337.490	 15975
 337.493	 15975
 337.495	 15960
 337.497	 15975
 337.500	 15990
 337.502	 15975
 337.504	 15975
 337.507	 15975
 337.509	 15960
 337.512	 15960
 337.514	 15960
 337.516	 15975
 337.519	 15990
 337.521	 15975
 337.523	 15990
 337.526	 15990
 337.528	 16000
 337.530	 16000
 337.533	 16000
 337.535	 16030
 337.537	 16030
 337.540	 16015
 337.542	 16030
 337.544	 16030
 337.547	 16030
 337.549	 16030
 337.551	 16030
 337.554	 16015
 337.556	 16015
 337.558	 16015
 337.561	 16015
 337.563	 16030
 337.565	 16040
 337.568	 16030
 337.570	 16030
 337.572	 16030
 337.575	 16030
 337.577	 16030
 337.579	 16040
 337.582	 16040
 337.584	 16040
 337.587	 16040
 337.589	 16040
 337.591	 16040
 337.594	 16040
 337.596	 16040
 337.598	 16040
 337.601	 16040
 337.603	 16040
 337.605	 16040
 337.608	 16040
 337.610	 16040
 337.612	 16055
 337.615	 16055
 337.617	 16055
 337.619	 16055
 337.622	 16055
 337.624	 16070
 337.626	 16070
 337.629	 16055
 337.631	 16070
 337.633	 16070
 337.636	 16070
 337.638	 16055
 337.640	 16070
 337.643	 16055
 337.645	 16040
 337.647	 16070
 337.650	 16070
 337.652	 16080
 337.655	 16070
 337.657	 16070
 337.659	 16080
 337.662	 16080
 337.664	 16095
 337.666	 16095
 337.669	 16110
 337.671	 16095
 337.673	 16095
 337.676	 16095
 337.678	 16110
 337.680	 16095
 337.683	 16095
 337.685	 16110
 337.687	 16095
 337.690	 16095
 337.692	 16120
 337.694	 16110
 337.697	 16110
 337.699	 16120
 337.701	 16120
 337.704	 16120
 337.706	 16120
 337.708	 16110
 337.711	 16095
 337.713	 16110
 337.715	 16110
 337.718	 16110
 337.720	 16095
 337.722	 16095
 337.725	 16110
 337.727	 16110
 337.730	 16120
 337.732	 16110
 337.734	 16110
 337.737	 16110
 337.739	 16110
 337.741	 16110
 337.744	 16110
 337.746	 16120
 337.748	 16120
 337.751	 16120
 337.753	 16110
 337.755	 16120
 337.758	 16095
 337.760	 16095
 337.762	 16095
 337.765	 16095
 337.767	 16095
 337.769	 16095
 337.772	 16095
 337.774	 16110
 337.776	 16110
 337.779	 16080
 337.781	 16080
 337.783	 16095
 337.786	 16095
 337.788	 16095
 337.790	 16095
 337.793	 16095
 337.795	 16095
 337.798	 16095
 337.800	 16110
 337.802	 16095
 337.805	 16095
 337.807	 16095
 337.809	 16095
 337.812	 16095
 337.814	 16095
 337.816	 16095
 337.819	 16070
 337.821	 16080
 337.823	 16055
 337.826	 16070
 337.828	 16055
 337.830	 16040
 337.833	 16055
 337.835	 16040
 337.837	 16040
 337.840	 16040
 337.842	 16040
 337.844	 16040
 337.847	 16040
 337.849	 16040
 337.851	 16040
 337.854	 16030
 337.856	 16040
 337.858	 16030
 337.861	 16040
 337.863	 16040
 337.865	 16040
 337.868	 16040
 337.870	 16015
 337.873	 16015
 337.875	 16015
 337.877	 16030
 337.880	 16015
 337.882	 16000
 337.884	 16015
 337.887	 16000
 337.889	 16015
 337.891	 16000
 337.894	 16015
 337.896	 16030
 337.898	 16030
 337.901	 16030
 337.903	 16000
 337.905	 16015
 337.908	 16000
 337.910	 16000
 337.912	 15990
 337.915	 15990
 337.917	 15990
 337.919	 15990
 337.922	 16000
 337.924	 16000
 337.926	 16000
 337.929	 16000
 337.931	 15990
 337.933	 16000
 337.936	 15990
 337.938	 15990
 337.941	 15975
 337.943	 15990
 337.945	 15990
 337.948	 15990
 337.950	 15990
 337.952	 16000
 337.955	 16000
 337.957	 16000
 337.959	 15975
 337.962	 15975
 337.964	 15975
 337.966	 15975
 337.969	 15975
 337.971	 15975
 337.973	 15975
 337.976	 15960
 337.978	 15950
 337.980	 15960
 337.983	 15950
 337.985	 15950
 337.987	 15960
 337.990	 15960
 337.992	 15975
 337.994	 15950
 337.997	 15950
 337.999	 15935
 338.001	 15950
 338.004	 15935
 338.006	 15935
 338.009	 15935
 338.011	 15910
 338.013	 15910
 338.016	 15910
 338.018	 15920
 338.020	 15910
 338.023	 15910
 338.025	 15920
 338.027	 15920
 338.030	 15895
 338.032	 15895
 338.034	 15880
 338.037	 15895
 338.039	 15895
 338.041	 15895
 338.044	 15910
 338.046	 15895
 338.048	 15910
 338.051	 15910
 338.053	 15910
 338.055	 15895
 338.058	 15880
 338.060	 15880
 338.062	 15895
 338.065	 15870
 338.067	 15870
 338.069	 15895
 338.072	 15880
 338.074	 15895
 338.076	 15880
 338.079	 15880
 338.081	 15880
 338.084	 15880
 338.086	 15870
 338.088	 15870
 338.091	 15870
 338.093	 15870
 338.095	 15855
 338.098	 15840
 338.100	 15830
 338.102	 15855
 338.105	 15840
 338.107	 15840
 338.109	 15840
 338.112	 15840
 338.114	 15840
 338.116	 15840
 338.119	 15855
 338.121	 15855
 338.123	 15855
 338.126	 15840
 338.128	 15840
 338.130	 15840
 338.133	 15840
 338.135	 15830
 338.137	 15840
 338.140	 15840
 338.142	 15840
 338.144	 15840
 338.147	 15840
 338.149	 15815
 338.152	 15830
 338.154	 15815
 338.156	 15815
 338.159	 15800
 338.161	 15830
 338.163	 15830
 338.166	 15815
 338.168	 15800
 338.170	 15800
 338.173	 15800
 338.175	 15800
 338.177	 15815
 338.180	 15815
 338.182	 15815
 338.184	 15815
 338.187	 15830
 338.189	 15830
 338.191	 15830
 338.194	 15830
 338.196	 15830
 338.198	 15830
 338.201	 15830
 338.203	 15830
 338.205	 15840
 338.208	 15840
 338.210	 15840
 338.212	 15840
 338.215	 15840
 338.217	 15840
 338.219	 15830
 338.222	 15830
 338.224	 15830
 338.227	 15830
 338.229	 15830
 338.231	 15830
 338.234	 15830
 338.236	 15815
 338.238	 15815
 338.241	 15815
 338.243	 15800
 338.245	 15815
 338.248	 15815
 338.250	 15830
 338.252	 15830
 338.255	 15815
 338.257	 15840
 338.259	 15840
 338.262	 15840
 338.264	 15840
 338.266	 15840
 338.269	 15855
 338.271	 15855
 338.273	 15855
 338.276	 15855
 338.278	 15855
 338.280	 15840
 338.283	 15855
 338.285	 15855
 338.287	 15855
 338.290	 15855
 338.292	 15870
 338.295	 15855
 338.297	 15855
 338.299	 15855
 338.302	 15855
 338.304	 15855
 338.306	 15855
 338.309	 15870
 338.311	 15870
 338.313	 15855
 338.316	 15855
 338.318	 15840
 338.320	 15870
 338.323	 15870
 338.325	 15870
 338.327	 15855
 338.330	 15855
 338.332	 15870
 338.334	 15880
 338.337	 15880
 338.339	 15880
 338.341	 15880
 338.344	 15880
 338.346	 15880
 338.348	 15880
 338.351	 15880
 338.353	 15880
 338.355	 15870
 338.358	 15870
 338.360	 15870
 338.362	 15880
 338.365	 15870
 338.367	 15870
 338.370	 15880
 338.372	 15880
 338.374	 15880
 338.377	 15895
 338.379	 15895
 338.381	 15895
 338.384	 15895
 338.386	 15895
 338.388	 15895
 338.391	 15910
 338.393	 15895
 338.395	 15895
 338.398	 15895
 338.400	 15910
 338.402	 15910
 338.405	 15920
 338.407	 15920
 338.409	 15920
 338.412	 15910
 338.414	 15910
 338.416	 15910
 338.419	 15920
 338.421	 15920
 338.423	 15920
 338.426	 15920
 338.428	 15920
 338.430	 15920
 338.433	 15920
 338.435	 15935
 338.438	 15935
 338.440	 15935
 338.442	 15950
 338.445	 15950
 338.447	 15950
 338.449	 15950
 338.452	 15950
 338.454	 15950
 338.456	 15960
 338.459	 15975
 338.461	 15975
 338.463	 15975
 338.466	 15975
 338.468	 15960
 338.470	 15960
 338.473	 15960
 338.475	 15960
 338.477	 15960
 338.480	 15960
 338.482	 15960
 338.484	 15975
 338.487	 15975
 338.489	 15990
 338.491	 15990
 338.494	 16000
 338.496	 15990
 338.498	 15990
 338.501	 15990
 338.503	 15975
 338.505	 15975
 338.508	 15975
 338.510	 15975
 338.513	 15990
 338.515	 16000
 338.517	 15990
 338.520	 16000
 338.522	 16000
 338.524	 16030
 338.527	 16015
 338.529	 15990
 338.531	 15990
 338.534	 15990
 338.536	 15990
 338.538	 15990
 338.541	 15990
 338.543	 16000
 338.545	 16000
 338.548	 16000
 338.550	 15990
 338.552	 16000
 338.555	 16000
 338.557	 15990
 338.559	 15990
 338.562	 15990
 338.564	 15990
 338.566	 16000
 338.569	 16000
 338.571	 16000
 338.573	 16000
 338.576	 16000
 338.578	 16000
 338.581	 16000
 338.583	 16000
 338.585	 16015
 338.588	 16015
 338.590	 16015
 338.592	 16015
 338.595	 16030
 338.597	 16030
 338.599	 16030
 338.602	 16030
 338.604	 16030
 338.606	 16030
 338.609	 16030
 338.611	 16030
 338.613	 16030
 338.616	 16030
 338.618	 16030
 338.620	 16030
 338.623	 16030
 338.625	 16030
 338.627	 16030
 338.630	 16030
 338.632	 16040
 338.634	 16040
 338.637	 16030
 338.639	 16040
 338.641	 16040
 338.644	 16040
 338.646	 16040
 338.649	 16030
 338.651	 16030
 338.653	 16040
 338.656	 16015
 338.658	 16040
 338.660	 16040
 338.663	 16030
 338.665	 16030
 338.667	 16030
 338.670	 16030
 338.672	 16030
 338.674	 16015
 338.677	 16015
 338.679	 16015
 338.681	 16015
 338.684	 16015
 338.686	 16015
 338.688	 16015
 338.691	 16015
 338.693	 16015
 338.695	 16015
 338.698	 16030
 338.700	 16030
 338.702	 16015
 338.705	 16030
 338.707	 16030
 338.709	 16030
 338.712	 16030
 338.714	 16030
 338.716	 16040
 338.719	 16040
 338.721	 16040
 338.724	 16040
 338.726	 16030
 338.728	 16040
 338.731	 16030
 338.733	 16030
 338.735	 16030
 338.738	 16030
 338.740	 16030
 338.742	 16040
 338.745	 16030
 338.747	 16030
 338.749	 16015
 338.752	 16030
 338.754	 16030
 338.756	 16030
 338.759	 16030
 338.761	 16015
 338.763	 16015
 338.766	 16000
 338.768	 16015
 338.770	 16000
 338.773	 16000
 338.775	 16000
 338.777	 16000
 338.780	 16015
 338.782	 16000
 338.784	 15990
 338.787	 15975
 338.789	 15975
 338.792	 15975
 338.794	 15975
 338.796	 16000
 338.799	 15990
 338.801	 15975
 338.803	 15975
 338.806	 15975
 338.808	 15975
 338.810	 16000
 338.813	 15960
 338.815	 15960
 338.817	 15975
 338.820	 15960
 338.822	 15960
 338.824	 15960
 338.827	 15975
 338.829	 15960
 338.831	 15960
 338.834	 15950
 338.836	 15950
 338.838	 15950
 338.841	 15950
 338.843	 15950
 338.845	 15960
 338.848	 15960
 338.850	 15960
 338.852	 15950
 338.855	 15950
 338.857	 15935
 338.859	 15920
 338.862	 15935
 338.864	 15935
 338.867	 15935
 338.869	 15935
 338.871	 15920
 338.874	 15920
 338.876	 15920
 338.878	 15935
 338.881	 15920
 338.883	 15920
 338.885	 15935
 338.888	 15935
 338.890	 15935
 338.892	 15910
 338.895	 15910
 338.897	 15920
 338.899	 15920
 338.902	 15920
 338.904	 15910
 338.906	 15910
 338.909	 15910
 338.911	 15910
 338.913	 15910
 338.916	 15910
 338.918	 15910
 338.920	 15910
 338.923	 15910
 338.925	 15910
 338.927	 15910
 338.930	 15895
 338.932	 15895
 338.935	 15895
 338.937	 15895
 338.939	 15895
 338.942	 15895
 338.944	 15895
 338.946	 15895
 338.949	 15910
 338.951	 15910
 338.953	 15895
 338.956	 15910
 338.958	 15880
 338.960	 15870
 338.963	 15870
 338.965	 15870
 338.967	 15880
 338.970	 15880
 338.972	 15870
 338.974	 15870
 338.977	 15880
 338.979	 15880
 338.981	 15870
 338.984	 15880
 338.986	 15880
 338.988	 15870
 338.991	 15895
 338.993	 15895
 338.995	 15880
 338.998	 15880
 339.000	 15880
 339.002	 15880
 339.005	 15880
 339.007	 15910
 339.010	 15910
 339.012	 15880
 339.014	 15870
 339.017	 15870
 339.019	 15855
 339.021	 15870
 339.024	 15870
 339.026	 15870
 339.028	 15880
 339.031	 15880
 339.033	 15880
 339.035	 15880
 339.038	 15880
 339.040	 15895
 339.042	 15895
 339.045	 15895
 339.047	 15880
 339.049	 15880
 339.052	 15880
 339.054	 15880
 339.056	 15880
 339.059	 15880
 339.061	 15870
 339.063	 15870
 339.066	 15870
 339.068	 15870
 339.070	 15870
 339.073	 15880
 339.075	 15895
 339.078	 15895
 339.080	 15895
 339.082	 15880
 339.085	 15895
 339.087	 15895
 339.089	 15910
 339.092	 15910
 339.094	 15910
 339.096	 15910
 339.099	 15910
 339.101	 15910
 339.103	 15880
 339.106	 15880
 339.108	 15895
 339.110	 15895
 339.113	 15895
 339.115	 15895
 339.117	 15895
 339.120	 15910
 339.122	 15895
 339.124	 15895
 339.127	 15895
 339.129	 15880
 339.131	 15880
 339.134	 15880
 339.136	 15880
 339.138	 15880
 339.141	 15895
 339.143	 15880
 339.145	 15880
 339.148	 15895
 339.150	 15895
 339.153	 15910
 339.155	 15920
 339.157	 15920
 339.160	 15920
 339.162	 15935
 339.164	 15935
 339.167	 15920
 339.169	 15920
 339.171	 15910
 339.174	 15920
 339.176	 15910
 339.178	 15910
 339.181	 15910
 339.183	 15910
 339.185	 15910
 339.188	 15920
 339.190	 15895
 339.192	 15895
 339.195	 15895
 339.197	 15895
 339.199	 15910
 339.202	 15910
 339.204	 15910
 339.206	 15910
 339.209	 15910
 339.211	 15920
 339.213	 15920
 339.216	 15910
 339.218	 15920
 339.221	 15920
 339.223	 15920
 339.225	 15920
 339.228	 15920
 339.230	 15935
 339.232	 15935
 339.235	 15935
 339.237	 15920
 339.239	 15910
 339.242	 15910
 339.244	 15910
 339.246	 15920
 339.249	 15920
 339.251	 15920
 339.253	 15910
 339.256	 15920
 339.258	 15920
 339.260	 15920
 339.263	 15935
 339.265	 15920
 339.267	 15920
 339.270	 15920
 339.272	 15920
 339.274	 15920
 339.277	 15920
 339.279	 15910
 339.281	 15920
 339.284	 15920
 339.286	 15895
 339.289	 15910
 339.291	 15910
 339.293	 15910
 339.296	 15920
 339.298	 15920
 339.300	 15920
 339.303	 15920
 339.305	 15920
 339.307	 15920
 339.310	 15920
 339.312	 15910
 339.314	 15910
 339.317	 15920
 339.319	 15920
 339.321	 15920
 339.324	 15920
 339.326	 15935
 339.328	 15935
 339.331	 15935
 339.333	 15935
 339.335	 15935
 339.338	 15920
 339.340	 15920
 339.342	 15920
 339.345	 15920
 339.347	 15920
 339.349	 15920
 339.352	 15935
 339.354	 15910
 339.356	 15910
 339.359	 15920
 339.361	 15910
 339.364	 15910
 339.366	 15935
 339.368	 15950
 339.371	 15950
 339.373	 15950
 339.375	 15935
 339.378	 15935
 339.380	 15935
 339.382	 15935
 339.385	 15950
 339.387	 15960
 339.389	 15935
 339.392	 15935
 339.394	 15950
 339.396	 15950
 339.399	 15950
 339.401	 15950
 339.403	 15950
 339.406	 15950
 339.408	 15950
 339.410	 15950
 339.413	 15950
 339.415	 15950
 339.417	 15950
 339.420	 15950
 339.422	 15950
 339.424	 15950
 339.427	 15950
 339.429	 15960
 339.432	 15975
 339.434	 15975
 339.436	 15975
 339.439	 15960
 339.441	 15975
 339.443	 15960
 339.446	 15960
 339.448	 15960
 339.450	 15960
 339.453	 15975
 339.455	 15990
 339.457	 15990
 339.460	 15990
 339.462	 15990
 339.464	 16000
 339.467	 16000
 339.469	 16000
 339.471	 16000
 339.474	 16000
 339.476	 16000
 339.478	 16000
 339.481	 16000
 339.483	 16000
 339.485	 15990
 339.488	 16015
 339.490	 16015
 339.492	 16000
 339.495	 16000
 339.497	 16030
 339.499	 16015
 339.502	 16015
 339.504	 16000
 339.507	 16000
 339.509	 16000
 339.511	 16015
 339.514	 16015
 339.516	 15990
 339.518	 15990
 339.521	 16000
 339.523	 16000
 339.525	 16000
 339.528	 15990
 339.530	 15990
 339.532	 15990
 339.535	 15990
 339.537	 16000
 339.539	 16000
 339.542	 16000
 339.544	 16000
 339.546	 16000
 339.549	 16015
 339.551	 16030
 339.553	 16015
 339.556	 16030
 339.558	 16015
 339.560	 16015
 339.563	 16015
 339.565	 16000
 339.567	 16000
 339.570	 16000
 339.572	 16000
 339.575	 16015
 339.577	 16015
 339.579	 16015
 339.582	 16015
 339.584	 16000
 339.586	 16000
 339.589	 16000
 339.591	 16000
 339.593	 16015
 339.596	 16015
 339.598	 16030
 339.600	 16030
 339.603	 16030
 339.605	 16030
 339.607	 16030
 339.610	 16030
 339.612	 16030
 339.614	 16000
 339.617	 16000
 339.619	 16015
 339.621	 16015
 339.624	 16000
 339.626	 16000
 339.628	 16000
 339.631	 16000
 339.633	 16015
 339.635	 16015
 339.638	 16000
 339.640	 16015
 339.642	 16015
 339.645	 16015
 339.647	 16015
 339.650	 16015
 339.652	 16030
 339.654	 16030
 339.657	 16030
 339.659	 16015
 339.661	 16015
 339.664	 16015
 339.666	 16000
 339.668	 16000
 339.671	 16015
 339.673	 16015
 339.675	 16015
 339.678	 16015
 339.680	 16015
 339.682	 16030
 339.685	 16015
 339.687	 16030
 339.689	 16030
 339.692	 16030
 339.694	 16030
 339.696	 16040
 339.699	 16040
 339.701	 16040
 339.703	 16030
 339.706	 16040
 339.708	 16030
 339.710	 16040
 339.713	 16040
 339.715	 16040
 339.718	 16040
 339.720	 16040
 339.722	 16040
 339.725	 16040
 339.727	 16040
 339.729	 16040
 339.732	 16040
 339.734	 16055
 339.736	 16040
 339.739	 16055
 339.741	 16040
 339.743	 16040
 339.746	 16030
 339.748	 16040
 339.750	 16030
 339.753	 16030
 339.755	 16030
 339.757	 16040
 339.760	 16030
 339.762	 16040
 339.764	 16030
 339.767	 16030
 339.769	 16040
 339.771	 16040
 339.774	 16055
 339.776	 16055
 339.778	 16030
 339.781	 16055
 339.783	 16070
 339.785	 16070
 339.788	 16055
 339.790	 16040
 339.793	 16055
 339.795	 16055
 339.797	 16070
 339.800	 16070
 339.802	 16070
 339.804	 16080
 339.807	 16080
 339.809	 16080
 339.811	 16080
 339.814	 16080
 339.816	 16080
 339.818	 16080
 339.821	 16080
 339.823	 16080
 339.825	 16070
 339.828	 16070
 339.830	 16070
 339.832	 16070
 339.835	 16070
 339.837	 16080
 339.839	 16070
 339.842	 16080
 339.844	 16080
 339.846	 16080
 339.849	 16080
 339.851	 16070
 339.853	 16080
 339.856	 16080
 339.858	 16080
 339.861	 16070
 339.863	 16055
 339.865	 16055
 339.868	 16055
 339.870	 16055
 339.872	 16055
 339.875	 16055
 339.877	 16055
 339.879	 16055
 339.882	 16055
 339.884	 16070
 339.886	 16070
 339.889	 16070
 339.891	 16070
 339.893	 16070
 339.896	 16080
 339.898	 16070
 339.900	 16080
 339.903	 16070
 339.905	 16080
 339.907	 16080
 339.910	 16080
 339.912	 16070
 339.914	 16070
 339.917	 16070
 339.919	 16070
 339.921	 16070
 339.924	 16055
 339.926	 16070
 339.929	 16070
 339.931	 16070
 339.933	 16070
 339.936	 16070
 339.938	 16070
 339.940	 16055
 339.943	 16070
 339.945	 16070
 339.947	 16070
 339.950	 16070
 339.952	 16055
 339.954	 16055
 339.957	 16055
 339.959	 16055
 339.961	 16055
 339.964	 16055
 339.966	 16055
 339.968	 16055
 339.971	 16040
 339.973	 16055
 339.975	 16055
 339.978	 16055
 339.980	 16070
 339.982	 16070
 339.985	 16070
 339.987	 16055
 339.989	 16055
 339.992	 16080
 339.994	 16080
 339.996	 16080
 339.999	 16070
 340.001	 16070
 340.004	 16070
 340.006	 16070
 340.008	 16070
 340.011	 16070
 340.013	 16070
 340.015	 16055
 340.018	 16070
 340.020	 16055
 340.022	 16070
 340.025	 16070
 340.027	 16055
 340.029	 16055
 340.032	 16070
 340.034	 16055
 340.036	 16070
 340.039	 16055
 340.041	 16055
 340.043	 16055
 340.046	 16070
 340.048	 16070
 340.050	 16055
 340.053	 16055
 340.055	 16055
 340.057	 16055
 340.060	 16070
 340.062	 16070
 340.064	 16070
 340.067	 16070
 340.069	 16070
 340.072	 16070
 340.074	 16070
 340.076	 16055
 340.079	 16055
 340.081	 16070
 340.083	 16070
 340.086	 16070
 340.088	 16070
 340.090	 16070
 340.093	 16080
 340.095	 16070
 340.097	 16070
 340.100	 16055
 340.102	 16070
 340.104	 16080
 340.107	 16070
 340.109	 16080
 340.111	 16095
 340.114	 16080
 340.116	 16080
 340.118	 16095
 340.121	 16095
 340.123	 16095
 340.125	 16095
 340.128	 16095
 340.130	 16095
 340.132	 16095
 340.135	 16095
 340.137	 16080
 340.139	 16080
 340.142	 16095
 340.144	 16080
 340.147	 16095
 340.149	 16095
 340.151	 16095
 340.154	 16095
 340.156	 16095
 340.158	 16095
 340.161	 16095
 340.163	 16110
 340.165	 16095
 340.168	 16095
 340.170	 16095
 340.172	 16095
 340.175	 16095
 340.177	 16080
 340.179	 16070
 340.182	 16080
 340.184	 16080
 340.186	 16095
 340.189	 16095
 340.191	 16095
 340.193	 16095
 340.196	 16095
 340.198	 16110
 340.200	 16095
 340.203	 16110
 340.205	 16110
 340.207	 16120
 340.210	 16110
 340.212	 16110
 340.215	 16110
 340.217	 16110
 340.219	 16110
 340.222	 16110
 340.224	 16110
 340.226	 16095
 340.229	 16095
 340.231	 16110
 340.233	 16110
 340.236	 16110
 340.238	 16110
 340.240	 16110
 340.243	 16110
 340.245	 16120
 340.247	 16110
 340.250	 16120
 340.252	 16120
 340.254	 16135
 340.257	 16135
 340.259	 16135
 340.261	 16150
 340.264	 16150
 340.266	 16150
 340.268	 16135
 340.271	 16135
 340.273	 16120
 340.275	 16150
 340.278	 16135
 340.280	 16135
 340.282	 16135
 340.285	 16120
 340.287	 16110
 340.290	 16110
 340.292	 16110
 340.294	 16110
 340.297	 16120
 340.299	 16120
 340.301	 16110
 340.304	 16110
 340.306	 16095
 340.308	 16095
 340.311	 16095
 340.313	 16095
 340.315	 16080
 340.318	 16080
 340.320	 16080
 340.322	 16080
 340.325	 16070
 340.327	 16070
 340.329	 16095
 340.332	 16080
 340.334	 16095
 340.336	 16080
 340.339	 16095
 340.341	 16095
 340.343	 16110
 340.346	 16095
 340.348	 16095
 340.350	 16110
 340.353	 16110
 340.355	 16110
 340.358	 16095
 340.360	 16095
 340.362	 16110
 340.365	 16110
 340.367	 16095
 340.369	 16080
 340.372	 16080
 340.374	 16095
 340.376	 16095
 340.379	 16110
 340.381	 16120
 340.383	 16120
 340.386	 16120
 340.388	 16120
 340.390	 16120
 340.393	 16135
 340.395	 16150
 340.397	 16135
 340.400	 16160
 340.402	 16150
 340.404	 16120
 340.407	 16120
 340.409	 16120
 340.411	 16120
 340.414	 16110
 340.416	 16110
 340.418	 16110
 340.421	 16110
 340.423	 16110
 340.425	 16110
 340.428	 16120
 340.430	 16095
 340.433	 16120
 340.435	 16110
 340.437	 16110
 340.440	 16110
 340.442	 16110
 340.444	 16110
 340.447	 16120
 340.449	 16120
 340.451	 16135
 340.454	 16120
 340.456	 16120
 340.458	 16120
 340.461	 16120
 340.463	 16110
 340.465	 16120
 340.468	 16120
 340.470	 16120
 340.472	 16120
 340.475	 16120
 340.477	 16120
 340.479	 16135
 340.482	 16150
 340.484	 16160
 340.486	 16160
 340.489	 16160
 340.491	 16160
 340.493	 16175
 340.496	 16160
 340.498	 16160
 340.501	 16150
 340.503	 16150
 340.505	 16160
 340.508	 16160
 340.510	 16150
 340.512	 16160
 340.515	 16160
 340.517	 16160
 340.519	 16150
 340.522	 16160
 340.524	 16150
 340.526	 16150
 340.529	 16135
 340.531	 16135
 340.533	 16135
 340.536	 16135
 340.538	 16135
 340.540	 16135
 340.543	 16120
 340.545	 16135
 340.547	 16120
 340.550	 16135
 340.552	 16120
 340.554	 16135
 340.557	 16120
 340.559	 16110
 340.561	 16110
 340.564	 16120
 340.566	 16135
 340.569	 16150
 340.571	 16120
 340.573	 16135
 340.576	 16135
 340.578	 16120
 340.580	 16110
 340.583	 16110
 340.585	 16135
 340.587	 16120
 340.590	 16135
 340.592	 16120
 340.594	 16120
 340.597	 16150
 340.599	 16150
 340.601	 16135
 340.604	 16135
 340.606	 16110
 340.608	 16110
 340.611	 16110
 340.613	 16135
 340.615	 16135
 340.618	 16120
 340.620	 16135
 340.622	 16120
 340.625	 16110
 340.627	 16150
 340.629	 16135
 340.632	 16135
 340.634	 16135
 340.636	 16120
 340.639	 16120
 340.641	 16120
 340.644	 16120
 340.646	 16120
 340.648	 16110
 340.651	 16120
 340.653	 16135
 340.655	 16150
 340.658	 16135
 340.660	 16135
 340.662	 16135
 340.665	 16120
 340.667	 16110
 340.669	 16110
 340.672	 16120
 340.674	 16110
 340.676	 16095
 340.679	 16095
 340.681	 16080
 340.683	 16080
 340.686	 16095
 340.688	 16080
 340.690	 16095
 340.693	 16110
 340.695	 16110
 340.697	 16110
 340.700	 16110
 340.702	 16110
 340.704	 16110
 340.707	 16110
 340.709	 16110
 340.712	 16110
 340.714	 16110
 340.716	 16110
 340.719	 16095
 340.721	 16095
 340.723	 16095
 340.726	 16110
 340.728	 16120
 340.730	 16120
 340.733	 16120
 340.735	 16120
 340.737	 16110
 340.740	 16110
 340.742	 16095
 340.744	 16095
 340.747	 16095
 340.749	 16095
 340.751	 16110
 340.754	 16095
 340.756	 16110
 340.758	 16110
 340.761	 16110
 340.763	 16120
 340.765	 16120
 340.768	 16120
 340.770	 16110
 340.772	 16110
 340.775	 16110
 340.777	 16110
 340.779	 16110
 340.782	 16095
 340.784	 16110
 340.787	 16095
 340.789	 16095
 340.791	 16095
 340.794	 16095
 340.796	 16095
 340.798	 16095
 340.801	 16095
 340.803	 16095
 340.805	 16095
 340.808	 16110
 340.810	 16110
 340.812	 16110
 340.815	 16095
 340.817	 16095
 340.819	 16080
 340.822	 16110
 340.824	 16110
 340.826	 16110
 340.829	 16095
 340.831	 16110
 340.833	 16110
 340.836	 16110
 340.838	 16110
 340.840	 16110
 340.843	 16110
 340.845	 16110
 340.847	 16110
 340.850	 16110
 340.852	 16120
 340.855	 16095
 340.857	 16095
 340.859	 16095
 340.862	 16095
 340.864	 16095
 340.866	 16095
 340.869	 16095
 340.871	 16095
 340.873	 16095
 340.876	 16095
 340.878	 16095
 340.880	 16095
 340.883	 16095
 340.885	 16095
 340.887	 16095
 340.890	 16095
 340.892	 16095
 340.894	 16110
 340.897	 16080
 340.899	 16080
 340.901	 16080
 340.904	 16080
 340.906	 16095
 340.908	 16095
 340.911	 16095
 340.913	 16095
 340.915	 16095
 340.918	 16095
 340.920	 16095
 340.922	 16095
 340.925	 16095
 340.927	 16095
 340.930	 16080
 340.932	 16095
 340.934	 16110
 340.937	 16110
 340.939	 16110
 340.941	 16110
 340.944	 16120
 340.946	 16120
 340.948	 16120
 340.951	 16120
 340.953	 16110
 340.955	 16110
 340.958	 16110
 340.960	 16095
 340.962	 16095
 340.965	 16095
 340.967	 16095
 340.969	 16095
 340.972	 16095
 340.974	 16095
 340.976	 16095
 340.979	 16080
 340.981	 16080
 340.983	 16080
 340.986	 16080
 340.988	 16080
 340.990	 16080
 340.993	 16080
 340.995	 16080
 340.998	 16080
 341.000	 16080
 341.002	 16070
 341.005	 16080
 341.007	 16080
 341.009	 16080
 341.012	 16080
 341.014	 16070
 341.016	 16070
 341.019	 16080
 341.021	 16080
 341.023	 16080
 341.026	 16080
 341.028	 16070
 341.030	 16070
 341.033	 16055
 341.035	 16080
 341.037	 16055
 341.040	 16080
 341.042	 16055
 341.044	 16070
 341.047	 16080
 341.049	 16080
 341.051	 16080
 341.054	 16080
 341.056	 16080
 341.058	 16070
 341.061	 16070
 341.063	 16070
 341.065	 16070
 341.068	 16070
 341.070	 16055
 341.073	 16070
 341.075	 16055
 341.077	 16055
 341.080	 16070
 341.082	 16070
 341.084	 16070
 341.087	 16055
 341.089	 16070
 341.091	 16080
 341.094	 16080
 341.096	 16070
 341.098	 16070
 341.101	 16070
 341.103	 16070
 341.105	 16070
 341.108	 16055
 341.110	 16080
 341.112	 16080
 341.115	 16095
 341.117	 16095
 341.119	 16095
 341.122	 16095
 341.124	 16095
 341.126	 16095
 341.129	 16110
 341.131	 16110
 341.133	 16095
 341.136	 16110
 341.138	 16095
 341.141	 16095
 341.143	 16095
 341.145	 16095
 341.148	 16080
 341.150	 16080
 341.152	 16080
 341.155	 16070
 341.157	 16070
 341.159	 16070
 341.162	 16070
 341.164	 16080
 341.166	 16080
 341.169	 16080
 341.171	 16080
 341.173	 16080
 341.176	 16080
 341.178	 16080
 341.180	 16055
 341.183	 16070
 341.185	 16070
 341.187	 16055
 341.190	 16070
 341.192	 16070
 341.194	 16070
 341.197	 16070
 341.199	 16070
 341.201	 16070
 341.204	 16070
 341.206	 16070
 341.209	 16070
 341.211	 16070
 341.213	 16080
 341.216	 16070
 341.218	 16070
 341.220	 16080
 341.223	 16070
 341.225	 16080
 341.227	 16070
 341.230	 16070
 341.232	 16070
 341.234	 16070
 341.237	 16070
 341.239	 16070
 341.241	 16070
 341.244	 16070
 341.246	 16070
 341.248	 16070
 341.251	 16080
 341.253	 16080
 341.255	 16070
 341.258	 16055
 341.260	 16070
 341.262	 16070
 341.265	 16070
 341.267	 16070
 341.269	 16070
 341.272	 16070
 341.274	 16055
 341.276	 16070
 341.279	 16070
 341.281	 16070
 341.284	 16070
 341.286	 16070
 341.288	 16070
 341.291	 16070
 341.293	 16070
 341.295	 16070
 341.298	 16070
 341.300	 16070
 341.302	 16070
 341.305	 16055
 341.307	 16055
 341.309	 16070
 341.312	 16055
 341.314	 16055
 341.316	 16055
 341.319	 16055
 341.321	 16055
 341.323	 16070
 341.326	 16055
 341.328	 16070
 341.330	 16070
 341.333	 16070
 341.335	 16070
 341.337	 16070
 341.340	 16080
 341.342	 16070
 341.344	 16070
 341.347	 16070
 341.349	 16080
 341.352	 16070
 341.354	 16070
 341.356	 16070
 341.359	 16055
 341.361	 16055
 341.363	 16070
 341.366	 16055
 341.368	 16055
 341.370	 16040
 341.373	 16040
 341.375	 16040
 341.377	 16040
 341.380	 16040
 341.382	 16055
 341.384	 16055
 341.387	 16055
 341.389	 16070
 341.391	 16070
 341.394	 16055
 341.396	 16055
 341.398	 16055
 341.401	 16055
 341.403	 16055
 341.405	 16070
 341.408	 16070
 341.410	 16070
 341.412	 16070
 341.415	 16070
 341.417	 16070
 341.419	 16070
 341.422	 16080
 341.424	 16080
 341.427	 16080
 341.429	 16070
 341.431	 16070
 341.434	 16070
 341.436	 16070
 341.438	 16070
 341.441	 16070
 341.443	 16080
 341.445	 16070
 341.448	 16080
 341.450	 16070
 341.452	 16070
 341.455	 16070
 341.457	 16070
 341.459	 16055
 341.462	 16070
 341.464	 16055
 341.466	 16040
 341.469	 16055
 341.471	 16040
 341.473	 16030
 341.476	 16040
 341.478	 16040
 341.480	 16040
 341.483	 16040
 341.485	 16055
 341.487	 16055
 341.490	 16055
 341.492	 16040
 341.495	 16040
 341.497	 16055
 341.499	 16055
 341.502	 16070
 341.504	 16055
 341.506	 16055
 341.509	 16055
 341.511	 16040
 341.513	 16040
 341.516	 16040
 341.518	 16055
 341.520	 16070
 341.523	 16070
 341.525	 16055
 341.527	 16055
 341.530	 16055
 341.532	 16055
 341.534	 16040
 341.537	 16040
 341.539	 16055
 341.541	 16055
 341.544	 16070
 341.546	 16055
 341.548	 16055
 341.551	 16040
 341.553	 16055
 341.555	 16055
 341.558	 16070
 341.560	 16030
 341.562	 16030
 341.565	 16055
 341.567	 16055
 341.570	 16030
 341.572	 16055
 341.574	 16040
 341.577	 16070
 341.579	 16055
 341.581	 16055
 341.584	 16040
 341.586	 16040
 341.588	 16055
 341.591	 16055
 341.593	 16055
 341.595	 16055
 341.598	 16055
 341.600	 16070
