field	6.spe
 332.000	
 332.002	 16110
 332.005	 16110
 332.007	 16095
 332.009	 16110
 332.012	 16110
 332.014	 16110
 332.016	 16110
 332.019	 16110
 332.021	 16095
 332.023	 16095
 332.026	 16095
 332.028	 16095
 332.030	 16080
 332.033	 16095
 332.035	 16095
 332.038	 16110
 332.040	 16110
 332.042	 16095
 332.045	 16095
 332.047	 16095
 332.049	 16095
 332.052	 16095
 332.054	 16095
 332.056	 16095
 332.059	 16095
 332.061	 16095
 332.063	 16095
 332.066	 16095
 332.068	 16095
 332.070	 16110
 332.073	 16110
 332.075	 16110
 332.077	 16110
 332.080	 16080
 332.082	 16080
 332.084	 16095
 332.087	 16080
 332.089	 16070
 332.091	 16070
 332.094	 16070
 332.096	 16070
 332.098	 16070
 332.101	 16095
 332.103	 16095
 332.105	 16095
 332.108	 16095
 332.110	 16095
 332.113	 16095
 332.115	 16110
 332.117	 16080
 332.120	 16095
 332.122	 16095
 332.124	 16095
 332.127	 16095
 332.129	 16095
 332.131	 16095
 332.134	 16095
 332.136	 16095
 332.138	 16095
 332.141	 16095
 332.143	 16095
 332.145	 16080
 332.148	 16080
 332.150	 16095
 332.152	 16070
 332.155	 16080
 332.157	 16080
 332.159	 16080
 332.162	 16080
 332.164	 16080
 332.166	 16080
 332.169	 16080
 332.171	 16070
 332.173	 16080
 332.176	 16080
 332.178	 16080
 332.181	 16080
 332.183	 16080
 332.185	 16095
 332.188	 16095
 332.190	 16110
 332.192	 16095
 332.195	 16080
 332.197	 16110
 332.199	 16080
 332.202	 16080
 332.204	 16080
 332.206	 16095
 332.209	 16080
 332.211	 16095
 332.213	 16110
 332.216	 16110
 332.218	 16120
 332.220	 16110
 332.223	 16110
 332.225	 16095
 332.227	 16095
 332.230	 16095
 332.232	 16095
 332.234	 16095
 332.237	 16095
 332.239	 16095
 332.241	 16095
 332.244	 16095
 332.246	 16095
 332.249	 16095
 332.251	 16095
 332.253	 16095
 332.256	 16095
 332.258	 16080
 332.260	 16095
 332.263	 16110
 332.265	 16080
 332.267	 16095
 332.270	 16095
 332.272	 16095
 332.274	 16095
 332.277	 16110
 332.279	 16110
 332.281	 16110
 332.284	 16095
 332.286	 16080
 332.288	 16095
 332.291	 16095
 332.293	 16095
 332.295	 16095
 332.298	 16095
 332.300	 16095
 332.302	 16095
 332.305	 16080
 332.307	 16080
 332.309	 16080
 332.312	 16080
 332.314	 16080
 332.316	 16095
 332.319	 16095
 332.321	 16095
 332.324	 16095
 332.326	 16095
 332.328	 16095
 332.331	 16095
 332.333	 16095
 332.335	 16095
 332.338	 16110
 332.340	 16110
 332.342	 16110
 332.345	 16110
 332.347	 16110
 332.349	 16095
 332.352	 16080
 332.354	 16080
 332.356	 16095
 332.359	 16095
 332.361	 16080
 332.363	 16095
 332.366	 16095
 332.368	 16110
 332.370	 16110
 332.373	 16110
 332.375	 16110
 332.377	 16120
 332.380	 16120
 332.382	 16120
 332.384	 16120
 332.387	 16095
 332.389	 16120
 332.392	 16110
 332.394	 16095
 332.396	 16095
 332.399	 16095
 332.401	 16110
 332.403	 16110
 332.406	 16095
 332.408	 16095
 332.410	 16095
 332.413	 16095
 332.415	 16110
 332.417	 16095
 332.420	 16095
 332.422	 16095
 332.424	 16080
 332.427	 16080
 332.429	 16080
 332.431	 16095
 332.434	 16080
 332.436	 16095
 332.438	 16080
 332.441	 16080
 332.443	 16080
 332.445	 16095
 332.448	 16095
 332.450	 16095
 332.452	 16080
 332.455	 16095
 332.457	 16110
 332.459	 16110
 332.462	 16110
 332.464	 16110
 332.467	 16120
 332.469	 16120
 332.471	 16120
 332.474	 16120
 332.476	 16110
 332.478	 16110
 332.481	 16120
 332.483	 16110
 332.485	 16110
 332.488	 16135
 332.490	 16135
 332.492	 16110
 332.495	 16120
 332.497	 16110
 332.499	 16120
 332.502	 16095
 332.504	 16095
 332.506	 16095
 332.509	 16110
 332.511	 16110
 332.513	 16120
 332.516	 16110
 332.518	 16110
 332.520	 16110
 332.523	 16110
 332.525	 16110
 332.527	 16110
 332.530	 16095
 332.532	 16095
 332.535	 16095
 332.537	 16095
 332.539	 16095
 332.542	 16110
 332.544	 16110
 332.546	 16110
 332.549	 16120
 332.551	 16120
 332.553	 16135
 332.556	 16120
 332.558	 16120
 332.560	 16120
 332.563	 16135
 332.565	 16120
 332.567	 16135
 332.570	 16110
 332.572	 16110
 332.574	 16120
 332.577	 16120
 332.579	 16120
 332.581	 16120
 332.584	 16120
 332.586	 16120
 332.588	 16120
 332.591	 16120
 332.593	 16120
 332.595	 16120
 332.598	 16110
 332.600	 16110
 332.602	 16120
 332.605	 16135
 332.607	 16135
 332.610	 16120
 332.612	 16135
 332.614	 16150
 332.617	 16150
 332.619	 16150
 332.621	 16150
 332.624	 16160
 332.626	 16160
 332.628	 16150
 332.631	 16150
 332.633	 16160
 332.635	 16160
 332.638	 16160
 332.640	 16135
 332.642	 16135
 332.645	 16150
 332.647	 16135
 332.649	 16135
 332.652	 16150
 332.654	 16150
 332.656	 16150
 332.659	 16135
 332.661	 16150
 332.663	 16150
 332.666	 16135
 332.668	 16150
 332.670	 16150
 332.673	 16150
 332.675	 16135
 332.678	 16135
 332.680	 16160
 332.682	 16175
 332.685	 16150
 332.687	 16135
 332.689	 16150
 332.692	 16150
 332.694	 16150
 332.696	 16160
 332.699	 16135
 332.701	 16135
 332.703	 16150
 332.706	 16150
 332.708	 16150
 332.710	 16135
 332.713	 16135
 332.715	 16150
 332.717	 16135
 332.720	 16135
 332.722	 16135
 332.724	 16135
 332.727	 16135
 332.729	 16135
 332.731	 16135
 332.734	 16150
 332.736	 16150
 332.738	 16150
 332.741	 16150
 332.743	 16150
 332.745	 16150
 332.748	 16150
 332.750	 16150
 332.753	 16150
 332.755	 16150
 332.757	 16150
 332.760	 16150
 332.762	 16150
 332.764	 16150
 332.767	 16150
 332.769	 16150
 332.771	 16150
 332.774	 16150
 332.776	 16150
 332.778	 16150
 332.781	 16150
 332.783	 16150
 332.785	 16150
 332.788	 16135
 332.790	 16135
 332.792	 16135
 332.795	 16135
 332.797	 16120
 332.799	 16150
 332.802	 16135
 332.804	 16135
 332.806	 16135
 332.809	 16135
 332.811	 16135
 332.813	 16135
 332.816	 16135
 332.818	 16120
 332.821	 16135
 332.823	 16135
 332.825	 16135
 332.828	 16120
 332.830	 16135
 332.832	 16150
 332.835	 16150
 332.837	 16150
 332.839	 16120
 332.842	 16135
 332.844	 16135
 332.846	 16150
 332.849	 16135
 332.851	 16120
 332.853	 16150
 332.856	 16135
 332.858	 16120
 332.860	 16120
 332.863	 16150
 332.865	 16150
 332.867	 16135
 332.870	 16120
 332.872	 16150
 332.874	 16150
 332.877	 16135
 332.879	 16135
 332.881	 16135
 332.884	 16120
 332.886	 16135
 332.889	 16135
 332.891	 16135
 332.893	 16150
 332.896	 16135
 332.898	 16120
 332.900	 16135
 332.903	 16120
 332.905	 16135
 332.907	 16135
 332.910	 16135
 332.912	 16135
 332.914	 16135
 332.917	 16120
 332.919	 16120
 332.921	 16120
 332.924	 16120
 332.926	 16120
 332.928	 16135
 332.931	 16120
 332.933	 16120
 332.935	 16120
 332.938	 16120
 332.940	 16120
 332.942	 16120
 332.945	 16110
 332.947	 16110
 332.949	 16110
 332.952	 16110
 332.954	 16110
 332.956	 16110
 332.959	 16110
 332.961	 16110
 332.964	 16095
 332.966	 16110
 332.968	 16120
 332.971	 16120
 332.973	 16120
 332.975	 16120
 332.978	 16120
 332.980	 16110
 332.982	 16110
 332.985	 16135
 332.987	 16120
 332.989	 16120
 332.992	 16120
 332.994	 16135
 332.996	 16120
 332.999	 16120
 333.001	 16135
 333.003	 16135
 333.006	 16135
 333.008	 16135
 333.010	 16135
 333.013	 16135
 333.015	 16135
 333.017	 16120
 333.020	 16135
 333.022	 16135
 333.024	 16135
 333.027	 16135
 333.029	 16135
 333.032	 16135
 333.034	 16150
 333.036	 16135
 333.039	 16150
 333.041	 16150
 333.043	 16160
 333.046	 16160
 333.048	 16160
 333.050	 16160
 333.053	 16150
 333.055	 16150
 333.057	 16150
 333.060	 16150
 333.062	 16150
 333.064	 16135
 333.067	 16135
 333.069	 16135
 333.071	 16135
 333.074	 16135
 333.076	 16135
 333.078	 16135
 333.081	 16150
 333.083	 16135
 333.085	 16135
 333.088	 16135
 333.090	 16135
 333.092	 16135
 333.095	 16120
 333.097	 16120
 333.099	 16120
 333.102	 16120
 333.104	 16120
 333.107	 16120
 333.109	 16120
 333.111	 16120
 333.114	 16120
 333.116	 16120
 333.118	 16135
 333.121	 16120
 333.123	 16135
 333.125	 16135
 333.128	 16150
 333.130	 16120
 333.132	 16135
 333.135	 16120
 333.137	 16120
 333.139	 16135
 333.142	 16150
 333.144	 16150
 333.146	 16150
 333.149	 16150
 333.151	 16135
 333.153	 16135
 333.156	 16135
 333.158	 16150
 333.160	 16135
 333.163	 16135
 333.165	 16135
 333.167	 16135
 333.170	 16150
 333.172	 16150
 333.175	 16160
 333.177	 16160
 333.179	 16135
 333.182	 16135
 333.184	 16150
 333.186	 16135
 333.189	 16150
 333.191	 16150
 333.193	 16150
 333.196	 16135
 333.198	 16150
 333.200	 16150
 333.203	 16150
 333.205	 16135
 333.207	 16150
 333.210	 16135
 333.212	 16120
 333.214	 16120
 333.217	 16135
 333.219	 16135
 333.221	 16150
 333.224	 16135
 333.226	 16150
 333.228	 16150
 333.231	 16150
 333.233	 16135
 333.235	 16135
 333.238	 16150
 333.240	 16150
 333.242	 16150
 333.245	 16150
 333.247	 16135
 333.250	 16150
 333.252	 16150
 333.254	 16135
 333.257	 16135
 333.259	 16150
 333.261	 16150
 333.264	 16150
 333.266	 16150
 333.268	 16150
 333.271	 16135
 333.273	 16120
 333.275	 16135
 333.278	 16150
 333.280	 16135
 333.282	 16150
 333.285	 16150
 333.287	 16150
 333.289	 16150
 333.292	 16135
 333.294	 16160
 333.296	 16120
 333.299	 16135
 333.301	 16135
 333.303	 16135
 333.306	 16135
 333.308	 16135
 333.310	 16135
 333.313	 16135
 333.315	 16135
 333.318	 16150
 333.320	 16150
 333.322	 16150
 333.325	 16150
 333.327	 16160
 333.329	 16150
 333.332	 16160
 333.334	 16160
 333.336	 16160
 333.339	 16150
 333.341	 16150
 333.343	 16160
 333.346	 16160
 333.348	 16160
 333.350	 16135
 333.353	 16150
 333.355	 16150
 333.357	 16150
 333.360	 16135
 333.362	 16150
 333.364	 16135
 333.367	 16135
 333.369	 16135
 333.371	 16135
 333.374	 16150
 333.376	 16135
 333.378	 16135
 333.381	 16135
 333.383	 16135
 333.385	 16135
 333.388	 16135
 333.390	 16120
 333.393	 16120
 333.395	 16135
 333.397	 16150
 333.400	 16120
 333.402	 16135
 333.404	 16135
 333.407	 16135
 333.409	 16135
 333.411	 16135
 333.414	 16120
 333.416	 16135
 333.418	 16120
 333.421	 16120
 333.423	 16120
 333.425	 16120
 333.428	 16120
 333.430	 16120
 333.432	 16135
 333.435	 16135
 333.437	 16135
 333.439	 16135
 333.442	 16150
 333.444	 16135
 333.446	 16135
 333.449	 16135
 333.451	 16135
 333.453	 16135
 333.456	 16150
 333.458	 16135
 333.461	 16135
 333.463	 16135
 333.465	 16135
 333.468	 16135
 333.470	 16150
 333.472	 16135
 333.475	 16135
 333.477	 16150
 333.479	 16135
 333.482	 16160
 333.484	 16135
 333.486	 16135
 333.489	 16135
 333.491	 16150
 333.493	 16160
 333.496	 16160
 333.498	 16160
 333.500	 16150
 333.503	 16150
 333.505	 16150
 333.507	 16150
 333.510	 16150
 333.512	 16150
 333.514	 16150
 333.517	 16150
 333.519	 16135
 333.521	 16135
 333.524	 16150
 333.526	 16160
 333.529	 16160
 333.531	 16135
 333.533	 16135
 333.536	 16135
 333.538	 16120
 333.540	 16120
 333.543	 16120
 333.545	 16120
 333.547	 16120
 333.550	 16135
 333.552	 16135
 333.554	 16135
 333.557	 16135
 333.559	 16120
 333.561	 16110
 333.564	 16120
 333.566	 16110
 333.568	 16110
 333.571	 16110
 333.573	 16110
 333.575	 16110
 333.578	 16135
 333.580	 16135
 333.582	 16110
 333.585	 16120
 333.587	 16110
 333.589	 16135
 333.592	 16135
 333.594	 16135
 333.596	 16135
 333.599	 16135
 333.601	 16135
 333.604	 16135
 333.606	 16135
 333.608	 16135
 333.611	 16135
 333.613	 16120
 333.615	 16135
 333.618	 16135
 333.620	 16135
 333.622	 16135
 333.625	 16150
 333.627	 16150
 333.629	 16150
 333.632	 16150
 333.634	 16135
 333.636	 16135
 333.639	 16135
 333.641	 16120
 333.643	 16135
 333.646	 16135
 333.648	 16135
 333.650	 16135
 333.653	 16150
 333.655	 16150
 333.657	 16150
 333.660	 16135
 333.662	 16120
 333.664	 16135
 333.667	 16150
 333.669	 16150
 333.672	 16175
 333.674	 16175
 333.676	 16175
 333.679	 16160
 333.681	 16160
 333.683	 16160
 333.686	 16160
 333.688	 16160
 333.690	 16175
 333.693	 16160
 333.695	 16150
 333.697	 16150
 333.700	 16150
 333.702	 16150
 333.704	 16160
 333.707	 16160
 333.709	 16150
 333.711	 16150
 333.714	 16150
 333.716	 16150
 333.718	 16150
 333.721	 16150
 333.723	 16135
 333.725	 16150
 333.728	 16150
 333.730	 16135
 333.732	 16150
 333.735	 16135
 333.737	 16135
 333.739	 16135
 333.742	 16135
 333.744	 16150
 333.747	 16120
 333.749	 16120
 333.751	 16135
 333.754	 16135
 333.756	 16120
 333.758	 16120
 333.761	 16135
 333.763	 16135
 333.765	 16120
 333.768	 16120
 333.770	 16120
 333.772	 16120
 333.775	 16135
 333.777	 16135
 333.779	 16135
 333.782	 16135
 333.784	 16135
 333.786	 16135
 333.789	 16120
 333.791	 16120
 333.793	 16120
 333.796	 16135
 333.798	 16135
 333.800	 16120
 333.803	 16120
 333.805	 16120
 333.807	 16120
 333.810	 16110
 333.812	 16110
 333.815	 16110
 333.817	 16110
 333.819	 16110
 333.822	 16095
 333.824	 16120
 333.826	 16110
 333.829	 16120
 333.831	 16120
 333.833	 16120
 333.836	 16120
 333.838	 16120
 333.840	 16120
 333.843	 16120
 333.845	 16120
 333.847	 16120
 333.850	 16120
 333.852	 16110
 333.854	 16120
 333.857	 16110
 333.859	 16110
 333.861	 16120
 333.864	 16120
 333.866	 16120
 333.868	 16120
 333.871	 16135
 333.873	 16135
 333.875	 16135
 333.878	 16135
 333.880	 16135
 333.882	 16135
 333.885	 16135
 333.887	 16135
 333.890	 16135
 333.892	 16135
 333.894	 16135
 333.897	 16135
 333.899	 16120
 333.901	 16135
 333.904	 16135
 333.906	 16135
 333.908	 16120
 333.911	 16120
 333.913	 16135
 333.915	 16135
 333.918	 16120
 333.920	 16120
 333.922	 16120
 333.925	 16120
 333.927	 16120
 333.929	 16120
 333.932	 16120
 333.934	 16120
 333.936	 16120
 333.939	 16135
 333.941	 16150
 333.943	 16150
 333.946	 16150
 333.948	 16150
 333.950	 16150
 333.953	 16135
 333.955	 16135
 333.958	 16150
 333.960	 16150
 333.962	 16150
 333.965	 16135
 333.967	 16150
 333.969	 16135
 333.972	 16135
 333.974	 16135
 333.976	 16135
 333.979	 16150
 333.981	 16150
 333.983	 16150
 333.986	 16160
 333.988	 16150
 333.990	 16150
 333.993	 16160
 333.995	 16160
 333.997	 16150
 334.000	 16135
 334.002	 16160
 334.004	 16160
 334.007	 16160
 334.009	 16160
 334.011	 16160
 334.014	 16160
 334.016	 16160
 334.018	 16160
 334.021	 16160
 334.023	 16150
 334.025	 16150
 334.028	 16160
 334.030	 16160
 334.033	 16150
 334.035	 16150
 334.037	 16160
 334.040	 16160
 334.042	 16160
 334.044	 16150
 334.047	 16150
 334.049	 16150
 334.051	 16150
 334.054	 16160
 334.056	 16150
 334.058	 16150
 334.061	 16150
 334.063	 16160
 334.065	 16160
 334.068	 16160
 334.070	 16150
 334.072	 16160
 334.075	 16160
 334.077	 16175
 334.079	 16175
 334.082	 16160
 334.084	 16160
 334.086	 16160
 334.089	 16160
 334.091	 16160
 334.093	 16160
 334.096	 16160
 334.098	 16150
 334.101	 16160
 334.103	 16150
 334.105	 16160
 334.108	 16160
 334.110	 16150
 334.112	 16135
 334.115	 16135
 334.117	 16135
 334.119	 16135
 334.122	 16135
 334.124	 16160
 334.126	 16160
 334.129	 16150
 334.131	 16150
 334.133	 16150
 334.136	 16150
 334.138	 16135
 334.140	 16150
 334.143	 16150
 334.145	 16150
 334.147	 16150
 334.150	 16150
 334.152	 16150
 334.154	 16150
 334.157	 16150
 334.159	 16135
 334.161	 16150
 334.164	 16150
 334.166	 16150
 334.169	 16150
 334.171	 16160
 334.173	 16150
 334.176	 16150
 334.178	 16150
 334.180	 16150
 334.183	 16150
 334.185	 16160
 334.187	 16150
 334.190	 16150
 334.192	 16135
 334.194	 16135
 334.197	 16135
 334.199	 16160
 334.201	 16150
 334.204	 16150
 334.206	 16150
 334.208	 16150
 334.211	 16150
 334.213	 16150
 334.215	 16150
 334.218	 16135
 334.220	 16150
 334.222	 16150
 334.225	 16135
 334.227	 16135
 334.229	 16135
 334.232	 16150
 334.234	 16150
 334.236	 16150
 334.239	 16150
 334.241	 16150
 334.244	 16150
 334.246	 16150
 334.248	 16135
 334.251	 16135
 334.253	 16150
 334.255	 16135
 334.258	 16150
 334.260	 16150
 334.262	 16150
 334.265	 16160
 334.267	 16160
 334.269	 16160
 334.272	 16160
 334.274	 16160
 334.276	 16160
 334.279	 16160
 334.281	 16160
 334.283	 16160
 334.286	 16150
 334.288	 16150
 334.290	 16135
 334.293	 16160
 334.295	 16160
 334.297	 16160
 334.300	 16150
 334.302	 16150
 334.304	 16150
 334.307	 16150
 334.309	 16150
 334.312	 16160
 334.314	 16150
 334.316	 16135
 334.319	 16135
 334.321	 16135
 334.323	 16150
 334.326	 16160
 334.328	 16160
 334.330	 16150
 334.333	 16150
 334.335	 16160
 334.337	 16160
 334.340	 16160
 334.342	 16150
 334.344	 16160
 334.347	 16160
 334.349	 16160
 334.351	 16160
 334.354	 16150
 334.356	 16150
 334.358	 16150
 334.361	 16150
 334.363	 16160
 334.365	 16175
 334.368	 16160
 334.370	 16160
 334.372	 16160
 334.375	 16175
 334.377	 16160
 334.379	 16150
 334.382	 16150
 334.384	 16150
 334.387	 16160
 334.389	 16150
 334.391	 16150
 334.394	 16160
 334.396	 16160
 334.398	 16160
 334.401	 16160
 334.403	 16160
 334.405	 16160
 334.408	 16160
 334.410	 16160
 334.412	 16160
 334.415	 16160
 334.417	 16150
 334.419	 16150
 334.422	 16160
 334.424	 16160
 334.426	 16160
 334.429	 16160
 334.431	 16160
 334.433	 16160
 334.436	 16160
 334.438	 16160
 334.440	 16160
 334.443	 16175
 334.445	 16175
 334.447	 16175
 334.450	 16160
 334.452	 16160
 334.455	 16150
 334.457	 16160
 334.459	 16160
 334.462	 16150
 334.464	 16160
 334.466	 16160
 334.469	 16150
 334.471	 16160
 334.473	 16160
 334.476	 16160
 334.478	 16175
 334.480	 16160
 334.483	 16160
 334.485	 16190
 334.487	 16175
 334.490	 16160
 334.492	 16175
 334.494	 16175
 334.497	 16175
 334.499	 16175
 334.501	 16175
 334.504	 16175
 334.506	 16175
 334.508	 16200
 334.511	 16200
 334.513	 16200
 334.515	 16175
 334.518	 16175
 334.520	 16190
 334.522	 16190
 334.525	 16190
 334.527	 16190
 334.530	 16190
 334.532	 16200
 334.534	 16200
 334.537	 16200
 334.539	 16200
 334.541	 16200
 334.544	 16200
 334.546	 16200
 334.548	 16215
 334.551	 16200
 334.553	 16200
 334.555	 16200
 334.558	 16200
 334.560	 16215
 334.562	 16215
 334.565	 16200
 334.567	 16215
 334.569	 16190
 334.572	 16200
 334.574	 16200
 334.576	 16200
 334.579	 16200
 334.581	 16200
 334.583	 16200
 334.586	 16190
 334.588	 16190
 334.590	 16200
 334.593	 16200
 334.595	 16190
 334.598	 16200
 334.600	 16190
 334.602	 16190
 334.605	 16190
 334.607	 16200
 334.609	 16200
 334.612	 16190
 334.614	 16215
 334.616	 16200
 334.619	 16200
 334.621	 16215
 334.623	 16215
 334.626	 16200
 334.628	 16200
 334.630	 16200
 334.633	 16200
 334.635	 16215
 334.637	 16230
 334.640	 16230
 334.642	 16215
 334.644	 16200
 334.647	 16200
 334.649	 16200
 334.651	 16200
 334.654	 16200
 334.656	 16200
 334.658	 16215
 334.661	 16215
 334.663	 16200
 334.665	 16200
 334.668	 16190
 334.670	 16190
 334.673	 16200
 334.675	 16200
 334.677	 16200
 334.680	 16200
 334.682	 16200
 334.684	 16215
 334.687	 16215
 334.689	 16200
 334.691	 16200
 334.694	 16200
 334.696	 16215
 334.698	 16200
 334.701	 16200
 334.703	 16190
 334.705	 16175
 334.708	 16175
 334.710	 16190
 334.712	 16200
 334.715	 16200
 334.717	 16200
 334.719	 16190
 334.722	 16190
 334.724	 16190
 334.726	 16200
 334.729	 16215
 334.731	 16215
 334.733	 16200
 334.736	 16200
 334.738	 16200
 334.741	 16215
 334.743	 16215
 334.745	 16215
 334.748	 16230
 334.750	 16230
 334.752	 16230
 334.755	 16230
 334.757	 16230
 334.759	 16230
 334.762	 16230
 334.764	 16240
 334.766	 16240
 334.769	 16240
 334.771	 16240
 334.773	 16240
 334.776	 16240
 334.778	 16230
 334.780	 16240
 334.783	 16240
 334.785	 16230
 334.787	 16215
 334.790	 16230
 334.792	 16215
 334.794	 16215
 334.797	 16230
 334.799	 16230
 334.801	 16240
 334.804	 16230
 334.806	 16230
 334.809	 16230
 334.811	 16230
 334.813	 16230
 334.816	 16230
 334.818	 16230
 334.820	 16230
 334.823	 16200
 334.825	 16215
 334.827	 16200
 334.830	 16215
 334.832	 16215
 334.834	 16230
 334.837	 16230
 334.839	 16230
 334.841	 16240
 334.844	 16240
 334.846	 16230
 334.848	 16230
 334.851	 16215
 334.853	 16215
 334.855	 16215
 334.858	 16215
 334.860	 16230
 334.862	 16230
 334.865	 16215
 334.867	 16230
 334.869	 16230
 334.872	 16240
 334.874	 16240
 334.876	 16240
 334.879	 16240
 334.881	 16240
 334.884	 16240
 334.886	 16240
 334.888	 16240
 334.891	 16255
 334.893	 16255
 334.895	 16255
 334.898	 16255
 334.900	 16255
 334.902	 16255
 334.905	 16255
 334.907	 16240
 334.909	 16255
 334.912	 16270
 334.914	 16255
 334.916	 16240
 334.919	 16255
 334.921	 16255
 334.923	 16255
 334.926	 16255
 334.928	 16255
 334.930	 16240
 334.933	 16240
 334.935	 16255
 334.937	 16255
 334.940	 16230
 334.942	 16240
 334.944	 16255
 334.947	 16255
 334.949	 16240
 334.952	 16240
 334.954	 16240
 334.956	 16240
 334.959	 16230
 334.961	 16240
 334.963	 16240
 334.966	 16255
 334.968	 16255
 334.970	 16255
 334.973	 16240
 334.975	 16255
 334.977	 16255
 334.980	 16255
 334.982	 16255
 334.984	 16255
 334.987	 16255
 334.989	 16240
 334.991	 16230
 334.994	 16230
 334.996	 16215
 334.998	 16230
 335.001	 16230
 335.003	 16230
 335.005	 16230
 335.008	 16230
 335.010	 16230
 335.012	 16240
 335.015	 16240
 335.017	 16240
 335.019	 16240
 335.022	 16240
 335.024	 16240
 335.027	 16240
 335.029	 16240
 335.031	 16240
 335.034	 16240
 335.036	 16240
 335.038	 16240
 335.041	 16240
 335.043	 16240
 335.045	 16240
 335.048	 16240
 335.050	 16240
 335.052	 16240
 335.055	 16230
 335.057	 16230
 335.059	 16230
 335.062	 16230
 335.064	 16230
 335.066	 16230
 335.069	 16230
 335.071	 16230
 335.073	 16230
 335.076	 16230
 335.078	 16230
 335.080	 16230
 335.083	 16230
 335.085	 16230
 335.087	 16230
 335.090	 16230
 335.092	 16230
 335.095	 16240
 335.097	 16230
 335.099	 16240
 335.102	 16240
 335.104	 16240
 335.106	 16240
 335.109	 16215
 335.111	 16215
 335.113	 16215
 335.116	 16215
 335.118	 16215
 335.120	 16230
 335.123	 16230
 335.125	 16240
 335.127	 16240
 335.130	 16230
 335.132	 16215
 335.134	 16215
 335.137	 16230
 335.139	 16230
 335.141	 16215
 335.144	 16215
 335.146	 16200
 335.148	 16215
 335.151	 16215
 335.153	 16215
 335.155	 16215
 335.158	 16200
 335.160	 16200
 335.162	 16200
 335.165	 16230
 335.167	 16215
 335.170	 16200
 335.172	 16215
 335.174	 16230
 335.177	 16240
 335.179	 16240
 335.181	 16215
 335.184	 16215
 335.186	 16215
 335.188	 16215
 335.191	 16215
 335.193	 16215
 335.195	 16215
 335.198	 16215
 335.200	 16230
 335.202	 16240
 335.205	 16215
 335.207	 16215
 335.209	 16215
 335.212	 16215
 335.214	 16215
 335.216	 16215
 335.219	 16215
 335.221	 16215
 335.223	 16200
 335.226	 16200
 335.228	 16200
 335.230	 16230
 335.233	 16215
 335.235	 16200
 335.238	 16200
 335.240	 16215
 335.242	 16190
 335.245	 16200
 335.247	 16200
 335.249	 16200
 335.252	 16200
 335.254	 16190
 335.256	 16190
 335.259	 16190
 335.261	 16200
 335.263	 16215
 335.266	 16200
 335.268	 16200
 335.270	 16200
 335.273	 16200
 335.275	 16215
 335.277	 16215
 335.280	 16215
 335.282	 16200
 335.284	 16175
 335.287	 16200
 335.289	 16200
 335.291	 16200
 335.294	 16200
 335.296	 16200
 335.298	 16190
 335.301	 16200
 335.303	 16190
 335.305	 16190
 335.308	 16190
 335.310	 16190
 335.313	 16190
 335.315	 16190
 335.317	 16190
 335.320	 16190
 335.322	 16190
 335.324	 16175
 335.327	 16175
 335.329	 16190
 335.331	 16190
 335.334	 16190
 335.336	 16175
 335.338	 16190
 335.341	 16190
 335.343	 16175
 335.345	 16160
 335.348	 16160
 335.350	 16175
 335.352	 16160
 335.355	 16160
 335.357	 16150
 335.359	 16175
 335.362	 16175
 335.364	 16160
 335.366	 16160
 335.369	 16160
 335.371	 16175
 335.373	 16175
 335.376	 16160
 335.378	 16175
 335.381	 16190
 335.383	 16175
 335.385	 16175
 335.388	 16175
 335.390	 16160
 335.392	 16160
 335.395	 16175
 335.397	 16175
 335.399	 16175
 335.402	 16175
 335.404	 16175
 335.406	 16175
 335.409	 16175
 335.411	 16190
 335.413	 16190
 335.416	 16200
 335.418	 16200
 335.420	 16190
 335.423	 16175
 335.425	 16175
 335.427	 16160
 335.430	 16160
 335.432	 16190
 335.434	 16190
 335.437	 16190
 335.439	 16190
 335.441	 16190
 335.444	 16190
 335.446	 16190
 335.449	 16190
 335.451	 16190
 335.453	 16190
 335.456	 16175
 335.458	 16190
 335.460	 16175
 335.463	 16190
 335.465	 16190
 335.467	 16190
 335.470	 16190
 335.472	 16175
 335.474	 16200
 335.477	 16200
 335.479	 16190
 335.481	 16190
 335.484	 16190
 335.486	 16190
 335.488	 16190
 335.491	 16190
 335.493	 16175
 335.495	 16175
 335.498	 16175
 335.500	 16175
 335.502	 16190
 335.505	 16190
 335.507	 16175
 335.509	 16190
 335.512	 16200
 335.514	 16200
 335.516	 16200
 335.519	 16200
 335.521	 16200
 335.524	 16215
 335.526	 16190
 335.528	 16190
 335.531	 16175
 335.533	 16190
 335.535	 16200
 335.538	 16200
 335.540	 16215
 335.542	 16200
 335.545	 16190
 335.547	 16190
 335.549	 16190
 335.552	 16190
 335.554	 16200
 335.556	 16215
 335.559	 16200
 335.561	 16215
 335.563	 16215
 335.566	 16230
 335.568	 16215
 335.570	 16215
 335.573	 16215
 335.575	 16215
 335.577	 16215
 335.580	 16215
 335.582	 16215
 335.584	 16230
 335.587	 16230
 335.589	 16230
 335.592	 16215
 335.594	 16230
 335.596	 16230
 335.599	 16215
 335.601	 16215
 335.603	 16215
 335.606	 16200
 335.608	 16200
 335.610	 16200
 335.613	 16215
 335.615	 16215
 335.617	 16215
 335.620	 16230
 335.622	 16230
 335.624	 16230
 335.627	 16230
 335.629	 16230
 335.631	 16240
 335.634	 16240
 335.636	 16240
 335.638	 16215
 335.641	 16215
 335.643	 16215
 335.645	 16240
 335.648	 16230
 335.650	 16255
 335.652	 16240
 335.655	 16230
 335.657	 16230
 335.659	 16230
 335.662	 16230
 335.664	 16230
 335.667	 16240
 335.669	 16255
 335.671	 16240
 335.674	 16255
 335.676	 16230
 335.678	 16240
 335.681	 16230
 335.683	 16230
 335.685	 16240
 335.688	 16240
 335.690	 16255
 335.692	 16240
 335.695	 16240
 335.697	 16255
 335.699	 16255
 335.702	 16240
 335.704	 16255
 335.706	 16255
 335.709	 16255
 335.711	 16255
 335.713	 16255
 335.716	 16255
 335.718	 16255
 335.720	 16255
 335.723	 16270
 335.725	 16270
 335.727	 16270
 335.730	 16270
 335.732	 16270
 335.735	 16255
 335.737	 16270
 335.739	 16270
 335.742	 16270
 335.744	 16280
 335.746	 16270
 335.749	 16280
 335.751	 16270
 335.753	 16280
 335.756	 16280
 335.758	 16280
 335.760	 16270
 335.763	 16280
 335.765	 16280
 335.767	 16280
 335.770	 16280
 335.772	 16280
 335.774	 16280
 335.777	 16280
 335.779	 16295
 335.781	 16280
 335.784	 16280
 335.786	 16280
 335.788	 16280
 335.791	 16280
 335.793	 16280
 335.795	 16280
 335.798	 16280
 335.800	 16280
 335.802	 16280
 335.805	 16295
 335.807	 16295
 335.810	 16295
 335.812	 16295
 335.814	 16310
 335.817	 16310
 335.819	 16320
 335.821	 16295
 335.824	 16280
 335.826	 16295
 335.828	 16280
 335.831	 16280
 335.833	 16295
 335.835	 16280
 335.838	 16280
 335.840	 16310
 335.842	 16295
 335.845	 16295
 335.847	 16280
 335.849	 16270
 335.852	 16280
 335.854	 16280
 335.856	 16270
 335.859	 16270
 335.861	 16280
 335.863	 16295
 335.866	 16295
 335.868	 16295
 335.870	 16295
 335.873	 16280
 335.875	 16270
 335.878	 16280
 335.880	 16270
 335.882	 16270
 335.885	 16270
 335.887	 16270
 335.889	 16270
 335.892	 16270
 335.894	 16280
 335.896	 16280
 335.899	 16280
 335.901	 16280
 335.903	 16280
 335.906	 16280
 335.908	 16310
 335.910	 16295
 335.913	 16295
 335.915	 16295
 335.917	 16295
 335.920	 16280
 335.922	 16295
 335.924	 16295
 335.927	 16310
 335.929	 16295
 335.931	 16280
 335.934	 16310
 335.936	 16310
 335.938	 16295
 335.941	 16280
 335.943	 16295
 335.945	 16295
 335.948	 16280
 335.950	 16295
 335.953	 16310
 335.955	 16295
 335.957	 16295
 335.960	 16295
 335.962	 16310
 335.964	 16310
 335.967	 16310
 335.969	 16310
 335.971	 16310
 335.974	 16310
 335.976	 16310
 335.978	 16310
 335.981	 16310
 335.983	 16310
 335.985	 16310
 335.988	 16320
 335.990	 16320
 335.992	 16320
 335.995	 16335
 335.997	 16320
 335.999	 16310
 336.002	 16310
 336.004	 16310
 336.006	 16310
 336.009	 16310
 336.011	 16310
 336.013	 16310
 336.016	 16295
 336.018	 16270
 336.021	 16270
 336.023	 16270
 336.025	 16270
 336.028	 16270
 336.030	 16270
 336.032	 16280
 336.035	 16270
 336.037	 16255
 336.039	 16255
 336.042	 16270
 336.044	 16270
 336.046	 16255
 336.049	 16255
 336.051	 16255
 336.053	 16255
 336.056	 16255
 336.058	 16255
 336.060	 16255
 336.063	 16255
 336.065	 16255
 336.067	 16255
 336.070	 16255
 336.072	 16255
 336.074	 16255
 336.077	 16255
 336.079	 16255
 336.081	 16255
 336.084	 16255
 336.086	 16255
 336.089	 16255
 336.091	 16255
 336.093	 16240
 336.096	 16230
 336.098	 16230
 336.100	 16230
 336.103	 16230
 336.105	 16230
 336.107	 16230
 336.110	 16240
 336.112	 16230
 336.114	 16215
 336.117	 16215
 336.119	 16200
 336.121	 16200
 336.124	 16200
 336.126	 16190
 336.128	 16190
 336.131	 16175
 336.133	 16190
 336.135	 16200
 336.138	 16215
 336.140	 16200
 336.142	 16200
 336.145	 16200
 336.147	 16190
 336.149	 16200
 336.152	 16200
 336.154	 16190
 336.156	 16200
 336.159	 16175
 336.161	 16175
 336.164	 16200
 336.166	 16190
 336.168	 16175
 336.171	 16175
 336.173	 16160
 336.175	 16190
 336.178	 16200
 336.180	 16190
 336.182	 16190
 336.185	 16200
 336.187	 16200
 336.189	 16190
 336.192	 16190
 336.194	 16200
 336.196	 16175
 336.199	 16190
 336.201	 16190
 336.203	 16190
 336.206	 16190
 336.208	 16190
 336.210	 16190
 336.213	 16190
 336.215	 16190
 336.217	 16190
 336.220	 16190
 336.222	 16190
 336.224	 16190
 336.227	 16175
 336.229	 16175
 336.232	 16175
 336.234	 16150
 336.236	 16150
 336.239	 16150
 336.241	 16150
 336.243	 16135
 336.246	 16135
 336.248	 16135
 336.250	 16135
 336.253	 16135
 336.255	 16135
 336.257	 16135
 336.260	 16135
 336.262	 16150
 336.264	 16150
 336.267	 16135
 336.269	 16150
 336.271	 16150
 336.274	 16150
 336.276	 16160
 336.278	 16160
 336.281	 16160
 336.283	 16160
 336.285	 16150
 336.288	 16150
 336.290	 16150
 336.292	 16150
 336.295	 16150
 336.297	 16150
 336.299	 16150
 336.302	 16150
 336.304	 16150
 336.307	 16150
 336.309	 16150
 336.311	 16150
 336.314	 16150
 336.316	 16135
 336.318	 16135
 336.321	 16135
 336.323	 16135
 336.325	 16120
 336.328	 16120
 336.330	 16110
 336.332	 16110
 336.335	 16110
 336.337	 16110
 336.339	 16110
 336.342	 16120
 336.344	 16110
 336.346	 16110
 336.349	 16110
 336.351	 16110
 336.353	 16110
 336.356	 16110
 336.358	 16095
 336.360	 16110
 336.363	 16110
 336.365	 16110
 336.367	 16120
 336.370	 16110
 336.372	 16120
 336.375	 16120
 336.377	 16120
 336.379	 16120
 336.382	 16120
 336.384	 16120
 336.386	 16120
 336.389	 16120
 336.391	 16120
 336.393	 16110
 336.396	 16120
 336.398	 16110
 336.400	 16120
 336.403	 16120
 336.405	 16135
 336.407	 16135
 336.410	 16135
 336.412	 16135
 336.414	 16135
 336.417	 16135
 336.419	 16150
 336.421	 16150
 336.424	 16150
 336.426	 16150
 336.428	 16120
 336.431	 16120
 336.433	 16135
 336.435	 16135
 336.438	 16135
 336.440	 16150
 336.442	 16135
 336.445	 16120
 336.447	 16120
 336.450	 16135
 336.452	 16135
 336.454	 16135
 336.457	 16135
 336.459	 16135
 336.461	 16135
 336.464	 16135
 336.466	 16135
 336.468	 16135
 336.471	 16120
 336.473	 16120
 336.475	 16120
 336.478	 16150
 336.480	 16150
 336.482	 16150
 336.485	 16135
 336.487	 16135
 336.489	 16135
 336.492	 16135
 336.494	 16135
 336.496	 16135
 336.499	 16135
 336.501	 16135
 336.503	 16150
 336.506	 16150
 336.508	 16160
 336.510	 16160
 336.513	 16160
 336.515	 16150
 336.518	 16160
 336.520	 16175
 336.522	 16160
 336.525	 16160
 336.527	 16160
 336.529	 16160
 336.532	 16160
 336.534	 16150
 336.536	 16150
 336.539	 16175
 336.541	 16175
 336.543	 16190
 336.546	 16175
 336.548	 16175
 336.550	 16175
 336.553	 16190
 336.555	 16175
 336.557	 16160
 336.560	 16190
 336.562	 16190
 336.564	 16175
 336.567	 16175
 336.569	 16175
 336.571	 16175
 336.574	 16175
 336.576	 16175
 336.578	 16175
 336.581	 16175
 336.583	 16175
 336.585	 16190
 336.588	 16190
 336.590	 16190
 336.593	 16200
 336.595	 16215
 336.597	 16215
 336.600	 16230
 336.602	 16230
 336.604	 16215
 336.607	 16230
 336.609	 16215
 336.611	 16215
 336.614	 16230
 336.616	 16215
 336.618	 16200
 336.621	 16200
 336.623	 16200
 336.625	 16190
 336.628	 16200
 336.630	 16200
 336.632	 16200
 336.635	 16200
 336.637	 16200
 336.639	 16215
 336.642	 16215
 336.644	 16200
 336.646	 16215
 336.649	 16215
 336.651	 16215
 336.653	 16215
 336.656	 16215
 336.658	 16215
 336.661	 16215
 336.663	 16215
 336.665	 16200
 336.668	 16215
 336.670	 16215
 336.672	 16215
 336.675	 16215
 336.677	 16215
 336.679	 16215
 336.682	 16215
 336.684	 16215
 336.686	 16215
 336.689	 16215
 336.691	 16230
 336.693	 16230
 336.696	 16240
 336.698	 16240
 336.700	 16230
 336.703	 16240
 336.705	 16230
 336.707	 16230
 336.710	 16215
 336.712	 16215
 336.714	 16230
 336.717	 16230
 336.719	 16230
 336.721	 16240
 336.724	 16240
 336.726	 16230
 336.729	 16255
 336.731	 16240
 336.733	 16240
 336.736	 16255
 336.738	 16270
 336.740	 16270
 336.743	 16255
 336.745	 16255
 336.747	 16255
 336.750	 16270
 336.752	 16255
 336.754	 16255
 336.757	 16270
 336.759	 16270
 336.761	 16240
 336.764	 16240
 336.766	 16240
 336.768	 16255
 336.771	 16270
 336.773	 16280
 336.775	 16270
 336.778	 16255
 336.780	 16255
 336.782	 16270
 336.785	 16255
 336.787	 16270
 336.789	 16270
 336.792	 16255
 336.794	 16255
 336.796	 16255
 336.799	 16255
 336.801	 16255
 336.804	 16255
 336.806	 16270
 336.808	 16270
 336.811	 16240
 336.813	 16255
 336.815	 16240
 336.818	 16240
 336.820	 16255
 336.822	 16240
 336.825	 16240
 336.827	 16240
 336.829	 16240
 336.832	 16240
 336.834	 16255
 336.836	 16240
 336.839	 16240
 336.841	 16240
 336.843	 16240
 336.846	 16240
 336.848	 16240
 336.850	 16240
 336.853	 16240
 336.855	 16240
 336.857	 16240
 336.860	 16240
 336.862	 16230
 336.864	 16230
 336.867	 16230
 336.869	 16230
 336.872	 16215
 336.874	 16230
 336.876	 16230
 336.879	 16230
 336.881	 16230
 336.883	 16230
 336.886	 16230
 336.888	 16230
 336.890	 16230
 336.893	 16230
 336.895	 16230
 336.897	 16215
 336.900	 16215
 336.902	 16200
 336.904	 16200
 336.907	 16190
 336.909	 16190
 336.911	 16175
 336.914	 16190
 336.916	 16190
 336.918	 16190
 336.921	 16200
 336.923	 16190
 336.925	 16200
 336.928	 16175
 336.930	 16175
 336.932	 16175
 336.935	 16175
 336.937	 16150
 336.939	 16160
 336.942	 16160
 336.944	 16160
 336.947	 16160
 336.949	 16160
 336.951	 16160
 336.954	 16160
 336.956	 16160
 336.958	 16150
 336.961	 16150
 336.963	 16150
 336.965	 16150
 336.968	 16150
 336.970	 16150
 336.972	 16160
 336.975	 16150
 336.977	 16160
 336.979	 16150
 336.982	 16135
 336.984	 16120
 336.986	 16120
 336.989	 16120
 336.991	 16120
 336.993	 16110
 336.996	 16110
 336.998	 16110
 337.000	 16120
 337.003	 16110
 337.005	 16120
 337.007	 16120
 337.010	 16110
 337.012	 16110
 337.015	 16110
 337.017	 16110
 337.019	 16120
 337.022	 16120
 337.024	 16110
 337.026	 16110
 337.029	 16110
 337.031	 16110
 337.033	 16095
 337.036	 16095
 337.038	 16110
 337.040	 16095
 337.043	 16120
 337.045	 16120
 337.047	 16120
 337.050	 16110
 337.052	 16120
 337.054	 16120
 337.057	 16120
 337.059	 16120
 337.061	 16110
 337.064	 16120
 337.066	 16110
 337.068	 16110
 337.071	 16110
 337.073	 16110
 337.075	 16110
 337.078	 16110
 337.080	 16110
 337.082	 16110
 337.085	 16110
 337.087	 16110
 337.090	 16095
 337.092	 16110
 337.094	 16080
 337.097	 16095
 337.099	 16095
 337.101	 16080
 337.104	 16070
 337.106	 16070
 337.108	 16070
 337.111	 16070
 337.113	 16070
 337.115	 16080
 337.118	 16055
 337.120	 16055
 337.122	 16055
 337.125	 16055
 337.127	 16070
 337.129	 16070
 337.132	 16070
 337.134	 16070
 337.136	 16055
 337.139	 16055
 337.141	 16055
 337.143	 16055
 337.146	 16055
 337.148	 16040
 337.150	 16040
 337.153	 16040
 337.155	 16055
 337.158	 16055
 337.160	 16055
 337.162	 16055
 337.165	 16055
 337.167	 16070
 337.169	 16055
 337.172	 16055
 337.174	 16055
 337.176	 16055
 337.179	 16055
 337.181	 16055
 337.183	 16055
 337.186	 16055
 337.188	 16055
 337.190	 16040
 337.193	 16040
 337.195	 16040
 337.197	 16040
 337.200	 16040
 337.202	 16055
 337.204	 16055
 337.207	 16055
 337.209	 16055
 337.211	 16070
 337.214	 16070
 337.216	 16070
 337.218	 16070
 337.221	 16040
 337.223	 16030
 337.225	 16030
 337.228	 16015
 337.230	 16015
 337.233	 16030
 337.235	 16030
 337.237	 16030
 337.240	 16030
 337.242	 16030
 337.244	 16015
 337.247	 16015
 337.249	 16015
 337.251	 16015
 337.254	 16015
 337.256	 16015
 337.258	 16000
 337.261	 16000
 337.263	 16000
 337.265	 16000
 337.268	 16015
 337.270	 16015
 337.272	 16000
 337.275	 16000
 337.277	 15990
 337.279	 15990
 337.282	 15990
 337.284	 15990
 337.286	 16000
 337.289	 16000
 337.291	 16000
 337.293	 15990
 337.296	 15990
 337.298	 16000
 337.301	 16000
 337.303	 15990
 337.305	 16000
 337.308	 15990
 337.310	 15990
 337.312	 16015
 337.315	 16015
 337.317	 15990
 337.319	 16000
 337.322	 16000
 337.324	 16000
 337.326	 16015
 337.329	 16015
 337.331	 16015
 337.333	 16000
 337.336	 16000
 337.338	 16015
 337.340	 16030
 337.343	 16030
 337.345	 16015
 337.347	 16015
 337.350	 16040
 337.352	 16015
 337.354	 16015
 337.357	 16015
 337.359	 16015
 337.361	 16030
 337.364	 16030
 337.366	 16030
 337.369	 16030
 337.371	 16015
 337.373	 16015
 337.376	 16000
 337.378	 16015
 337.380	 16015
 337.383	 16015
 337.385	 16000
 337.387	 16030
 337.390	 16030
 337.392	 16030
 337.394	 16030
 337.397	 16015
 337.399	 16015
 337.401	 16030
 337.404	 16030
 337.406	 16030
 337.408	 16030
 337.411	 16030
 337.413	 16030
 337.415	 16040
 337.418	 16055
 337.420	 16055
 337.422	 16055
 337.425	 16055
 337.427	 16055
 337.429	 16040
 337.432	 16055
 337.434	 16055
 337.436	 16055
 337.439	 16055
 337.441	 16055
 337.444	 16055
 337.446	 16055
 337.448	 16055
 337.451	 16055
 337.453	 16070
 337.455	 16070
 337.458	 16070
 337.460	 16070
 337.462	 16070
 337.465	 16070
 337.467	 16070
 337.469	 16055
 337.472	 16055
 337.474	 16055
 337.476	 16055
 337.479	 16055
 337.481	 16040
 337.483	 16040
 337.486	 16040
 337.488	 16040
 337.490	 16030
 337.493	 16040
 337.495	 16040
 337.497	 16040
 337.500	 16030
 337.502	 16040
 337.504	 16040
 337.507	 16040
 337.509	 16070
 337.512	 16055
 337.514	 16070
 337.516	 16070
 337.519	 16070
 337.521	 16080
 337.523	 16070
 337.526	 16080
 337.528	 16080
 337.530	 16070
 337.533	 16070
 337.535	 16080
 337.537	 16080
 337.540	 16080
 337.542	 16080
 337.544	 16080
 337.547	 16080
 337.549	 16080
 337.551	 16080
 337.554	 16095
 337.556	 16095
 337.558	 16095
 337.561	 16080
 337.563	 16080
 337.565	 16080
 337.568	 16080
 337.570	 16080
 337.572	 16080
 337.575	 16080
 337.577	 16080
 337.579	 16070
 337.582	 16080
 337.584	 16080
 337.587	 16080
 337.589	 16080
 337.591	 16080
 337.594	 16080
 337.596	 16080
 337.598	 16095
 337.601	 16070
 337.603	 16080
 337.605	 16095
 337.608	 16095
 337.610	 16095
 337.612	 16110
 337.615	 16110
 337.617	 16095
 337.619	 16095
 337.622	 16095
 337.624	 16095
 337.626	 16110
 337.629	 16110
 337.631	 16110
 337.633	 16110
 337.636	 16110
 337.638	 16110
 337.640	 16110
 337.643	 16110
 337.645	 16110
 337.647	 16110
 337.650	 16095
 337.652	 16095
 337.655	 16095
 337.657	 16095
 337.659	 16095
 337.662	 16095
 337.664	 16095
 337.666	 16095
 337.669	 16095
 337.671	 16080
 337.673	 16080
 337.676	 16080
 337.678	 16095
 337.680	 16095
 337.683	 16095
 337.685	 16095
 337.687	 16110
 337.690	 16120
 337.692	 16110
 337.694	 16110
 337.697	 16110
 337.699	 16110
 337.701	 16110
 337.704	 16110
 337.706	 16110
 337.708	 16120
 337.711	 16120
 337.713	 16110
 337.715	 16110
 337.718	 16110
 337.720	 16095
 337.722	 16095
 337.725	 16095
 337.727	 16095
 337.730	 16080
 337.732	 16110
 337.734	 16110
 337.737	 16095
 337.739	 16110
 337.741	 16095
 337.744	 16095
 337.746	 16095
 337.748	 16095
 337.751	 16095
 337.753	 16095
 337.755	 16095
 337.758	 16080
 337.760	 16095
 337.762	 16095
 337.765	 16095
 337.767	 16080
 337.769	 16120
 337.772	 16110
 337.774	 16110
 337.776	 16095
 337.779	 16080
 337.781	 16080
 337.783	 16080
 337.786	 16080
 337.788	 16080
 337.790	 16055
 337.793	 16070
 337.795	 16070
 337.798	 16070
 337.800	 16055
 337.802	 16070
 337.805	 16070
 337.807	 16070
 337.809	 16070
 337.812	 16070
 337.814	 16070
 337.816	 16080
 337.819	 16080
 337.821	 16080
 337.823	 16080
 337.826	 16080
 337.828	 16080
 337.830	 16080
 337.833	 16095
 337.835	 16080
 337.837	 16095
 337.840	 16095
 337.842	 16095
 337.844	 16095
 337.847	 16095
 337.849	 16095
 337.851	 16080
 337.854	 16080
 337.856	 16080
 337.858	 16080
 337.861	 16080
 337.863	 16080
 337.865	 16080
 337.868	 16070
 337.870	 16070
 337.873	 16070
 337.875	 16070
 337.877	 16055
 337.880	 16070
 337.882	 16070
 337.884	 16080
 337.887	 16080
 337.889	 16080
 337.891	 16095
 337.894	 16080
 337.896	 16080
 337.898	 16070
 337.901	 16080
 337.903	 16080
 337.905	 16080
 337.908	 16080
 337.910	 16095
 337.912	 16080
 337.915	 16080
 337.917	 16080
 337.919	 16095
 337.922	 16095
 337.924	 16080
 337.926	 16080
 337.929	 16095
 337.931	 16070
 337.933	 16080
 337.936	 16070
 337.938	 16070
 337.941	 16070
 337.943	 16055
 337.945	 16055
 337.948	 16070
 337.950	 16070
 337.952	 16070
 337.955	 16070
 337.957	 16040
 337.959	 16055
 337.962	 16055
 337.964	 16055
 337.966	 16070
 337.969	 16070
 337.971	 16055
 337.973	 16040
 337.976	 16040
 337.978	 16055
 337.980	 16055
 337.983	 16055
 337.985	 16055
 337.987	 16070
 337.990	 16070
 337.992	 16070
 337.994	 16055
 337.997	 16070
 337.999	 16055
 338.001	 16055
 338.004	 16055
 338.006	 16040
 338.009	 16055
 338.011	 16040
 338.013	 16055
 338.016	 16070
 338.018	 16055
 338.020	 16040
 338.023	 16030
 338.025	 16040
 338.027	 16030
 338.030	 16030
 338.032	 16030
 338.034	 16030
 338.037	 16015
 338.039	 16030
 338.041	 16030
 338.044	 16030
 338.046	 16030
 338.048	 16040
 338.051	 16040
 338.053	 16040
 338.055	 16040
 338.058	 16040
 338.060	 16040
 338.062	 16040
 338.065	 16030
 338.067	 16040
 338.069	 16040
 338.072	 16030
 338.074	 16040
 338.076	 16015
 338.079	 16015
 338.081	 16030
 338.084	 16015
 338.086	 16015
 338.088	 16015
 338.091	 16015
 338.093	 16015
 338.095	 16015
 338.098	 16000
 338.100	 16015
 338.102	 16015
 338.105	 16000
 338.107	 16030
 338.109	 16015
 338.112	 16015
 338.114	 16015
 338.116	 16015
 338.119	 16015
 338.121	 16030
 338.123	 16015
 338.126	 16015
 338.128	 16030
 338.130	 16015
 338.133	 16015
 338.135	 16000
 338.137	 15990
 338.140	 15990
 338.142	 15990
 338.144	 15990
 338.147	 15990
 338.149	 15990
 338.152	 15990
 338.154	 15975
 338.156	 15975
 338.159	 15975
 338.161	 15975
 338.163	 15975
 338.166	 15975
 338.168	 15990
 338.170	 15975
 338.173	 15975
 338.175	 15960
 338.177	 15975
 338.180	 15975
 338.182	 15975
 338.184	 15975
 338.187	 15975
 338.189	 15990
 338.191	 15975
 338.194	 15990
 338.196	 15990
 338.198	 15990
 338.201	 15990
 338.203	 15975
 338.205	 15975
 338.208	 15975
 338.210	 15975
 338.212	 15975
 338.215	 15975
 338.217	 15990
 338.219	 15975
 338.222	 15990
 338.224	 15990
 338.227	 15990
 338.229	 15975
 338.231	 15960
 338.234	 15960
 338.236	 15950
 338.238	 15950
 338.241	 15950
 338.243	 15950
 338.245	 15950
 338.248	 15950
 338.250	 15960
 338.252	 15960
 338.255	 15960
 338.257	 15960
 338.259	 15960
 338.262	 15950
 338.264	 15950
 338.266	 15950
 338.269	 15950
 338.271	 15950
 338.273	 15960
 338.276	 15960
 338.278	 15960
 338.280	 15950
 338.283	 15960
 338.285	 15960
 338.287	 15960
 338.290	 15960
 338.292	 15960
 338.295	 15960
 338.297	 15950
 338.299	 15950
 338.302	 15950
 338.304	 15950
 338.306	 15960
 338.309	 15960
 338.311	 15960
 338.313	 15975
 338.316	 15975
 338.318	 15975
 338.320	 15990
 338.323	 15975
 338.325	 15975
 338.327	 15975
 338.330	 15975
 338.332	 15975
 338.334	 15975
 338.337	 15975
 338.339	 15975
 338.341	 15975
 338.344	 15975
 338.346	 15975
 338.348	 15975
 338.351	 15975
 338.353	 15975
 338.355	 15990
 338.358	 15960
 338.360	 15960
 338.362	 15960
 338.365	 15975
 338.367	 15975
 338.370	 15960
 338.372	 15990
 338.374	 15990
 338.377	 15990
 338.379	 15990
 338.381	 15990
 338.384	 15990
 338.386	 15990
 338.388	 16000
 338.391	 16000
 338.393	 16000
 338.395	 16000
 338.398	 16000
 338.400	 16015
 338.402	 15990
 338.405	 15990
 338.407	 16000
 338.409	 15990
 338.412	 16000
 338.414	 15990
 338.416	 16000
 338.419	 15990
 338.421	 15990
 338.423	 16000
 338.426	 16000
 338.428	 16000
 338.430	 16000
 338.433	 16000
 338.435	 15990
 338.438	 15990
 338.440	 16000
 338.442	 16015
 338.445	 16000
 338.447	 16000
 338.449	 16015
 338.452	 16015
 338.454	 16030
 338.456	 16030
 338.459	 16040
 338.461	 16030
 338.463	 16030
 338.466	 16030
 338.468	 16030
 338.470	 16030
 338.473	 16040
 338.475	 16040
 338.477	 16040
 338.480	 16040
 338.482	 16040
 338.484	 16040
 338.487	 16040
 338.489	 16040
 338.491	 16030
 338.494	 16040
 338.496	 16030
 338.498	 16030
 338.501	 16040
 338.503	 16030
 338.505	 16030
 338.508	 16030
 338.510	 16030
 338.513	 16055
 338.515	 16030
 338.517	 16040
 338.520	 16040
 338.522	 16055
 338.524	 16040
 338.527	 16055
 338.529	 16055
 338.531	 16055
 338.534	 16055
 338.536	 16055
 338.538	 16055
 338.541	 16070
 338.543	 16070
 338.545	 16080
 338.548	 16070
 338.550	 16070
 338.552	 16070
 338.555	 16070
 338.557	 16080
 338.559	 16080
 338.562	 16070
 338.564	 16070
 338.566	 16070
 338.569	 16055
 338.571	 16055
 338.573	 16070
 338.576	 16055
 338.578	 16070
 338.581	 16070
 338.583	 16070
 338.585	 16070
 338.588	 16080
 338.590	 16070
 338.592	 16080
 338.595	 16080
 338.597	 16080
 338.599	 16070
 338.602	 16080
 338.604	 16080
 338.606	 16080
 338.609	 16080
 338.611	 16070
 338.613	 16070
 338.616	 16070
 338.618	 16070
 338.620	 16070
 338.623	 16070
 338.625	 16080
 338.627	 16095
 338.630	 16095
 338.632	 16095
 338.634	 16080
 338.637	 16095
 338.639	 16095
 338.641	 16095
 338.644	 16095
 338.646	 16095
 338.649	 16095
 338.651	 16095
 338.653	 16095
 338.656	 16095
 338.658	 16095
 338.660	 16095
 338.663	 16095
 338.665	 16080
 338.667	 16080
 338.670	 16080
 338.672	 16080
 338.674	 16095
 338.677	 16070
 338.679	 16080
 338.681	 16070
 338.684	 16070
 338.686	 16080
 338.688	 16095
 338.691	 16095
 338.693	 16070
 338.695	 16070
 338.698	 16070
 338.700	 16070
 338.702	 16070
 338.705	 16070
 338.707	 16070
 338.709	 16070
 338.712	 16040
 338.714	 16070
 338.716	 16070
 338.719	 16070
 338.721	 16070
 338.724	 16095
 338.726	 16080
 338.728	 16080
 338.731	 16080
 338.733	 16080
 338.735	 16080
 338.738	 16080
 338.740	 16080
 338.742	 16080
 338.745	 16070
 338.747	 16080
 338.749	 16070
 338.752	 16070
 338.754	 16070
 338.756	 16070
 338.759	 16070
 338.761	 16055
 338.763	 16055
 338.766	 16040
 338.768	 16055
 338.770	 16055
 338.773	 16040
 338.775	 16040
 338.777	 16040
 338.780	 16040
 338.782	 16055
 338.784	 16055
 338.787	 16055
 338.789	 16070
 338.792	 16055
 338.794	 16040
 338.796	 16040
 338.799	 16055
 338.801	 16040
 338.803	 16040
 338.806	 16040
 338.808	 16040
 338.810	 16030
 338.813	 16040
 338.815	 16030
 338.817	 16015
 338.820	 16015
 338.822	 16040
 338.824	 16040
 338.827	 16030
 338.829	 16040
 338.831	 16015
 338.834	 16030
 338.836	 16030
 338.838	 16030
 338.841	 16030
 338.843	 16030
 338.845	 16030
 338.848	 16000
 338.850	 16030
 338.852	 16030
 338.855	 16040
 338.857	 16040
 338.859	 16030
 338.862	 16040
 338.864	 16040
 338.867	 16040
 338.869	 16040
 338.871	 16030
 338.874	 16030
 338.876	 16030
 338.878	 16040
 338.881	 16015
 338.883	 16015
 338.885	 16015
 338.888	 16015
 338.890	 16015
 338.892	 16030
 338.895	 16015
 338.897	 16015
 338.899	 16015
 338.902	 16030
 338.904	 16030
 338.906	 16030
 338.909	 16030
 338.911	 16015
 338.913	 16015
 338.916	 16030
 338.918	 16030
 338.920	 16015
 338.923	 16030
 338.925	 16015
 338.927	 16000
 338.930	 16000
 338.932	 16030
 338.935	 16030
 338.937	 16030
 338.939	 16000
 338.942	 16000
 338.944	 16030
 338.946	 16030
 338.949	 16015
 338.951	 16015
 338.953	 16015
 338.956	 16030
 338.958	 16030
 338.960	 16030
 338.963	 16015
 338.965	 16030
 338.967	 16030
 338.970	 16040
 338.972	 16015
 338.974	 16015
 338.977	 16030
 338.979	 16015
 338.981	 16030
 338.984	 16015
 338.986	 16015
 338.988	 16030
 338.991	 16030
 338.993	 16040
 338.995	 16040
 338.998	 16015
 339.000	 16030
 339.002	 16030
 339.005	 16040
 339.007	 16030
 339.010	 16040
 339.012	 16055
 339.014	 16040
 339.017	 16030
 339.019	 16030
 339.021	 16030
 339.024	 16030
 339.026	 16030
 339.028	 16040
 339.031	 16040
 339.033	 16040
 339.035	 16040
 339.038	 16040
 339.040	 16040
 339.042	 16040
 339.045	 16030
 339.047	 16015
 339.049	 16030
 339.052	 16015
 339.054	 16015
 339.056	 16015
 339.059	 16015
 339.061	 16015
 339.063	 16015
 339.066	 16015
 339.068	 16015
 339.070	 16015
 339.073	 16030
 339.075	 16030
 339.078	 16030
 339.080	 16015
 339.082	 16015
 339.085	 16000
 339.087	 16015
 339.089	 16015
 339.092	 16015
 339.094	 16015
 339.096	 16015
 339.099	 16030
 339.101	 16030
 339.103	 16030
 339.106	 16030
 339.108	 16015
 339.110	 16015
 339.113	 16000
 339.115	 16015
 339.117	 16015
 339.120	 16015
 339.122	 16015
 339.124	 16015
 339.127	 16000
 339.129	 16000
 339.131	 16015
 339.134	 16015
 339.136	 16015
 339.138	 16015
 339.141	 16015
 339.143	 16015
 339.145	 16000
 339.148	 16000
 339.150	 16000
 339.153	 15990
 339.155	 16000
 339.157	 15990
 339.160	 15975
 339.162	 15975
 339.164	 15975
 339.167	 15990
 339.169	 15990
 339.171	 16015
 339.174	 16015
 339.176	 16015
 339.178	 16000
 339.181	 16000
 339.183	 16000
 339.185	 15990
 339.188	 16000
 339.190	 15960
 339.192	 15990
 339.195	 15990
 339.197	 16000
 339.199	 16000
 339.202	 15975
 339.204	 15975
 339.206	 15990
 339.209	 15990
 339.211	 15990
 339.213	 16015
 339.216	 16015
 339.218	 16015
 339.221	 16015
 339.223	 16015
 339.225	 16030
 339.228	 16015
 339.230	 16015
 339.232	 16015
 339.235	 16015
 339.237	 16015
 339.239	 16015
 339.242	 16015
 339.244	 16015
 339.246	 16015
 339.249	 16015
 339.251	 16015
 339.253	 16040
 339.256	 16040
 339.258	 16040
 339.260	 16040
 339.263	 16040
 339.265	 16030
 339.267	 16040
 339.270	 16040
 339.272	 16040
 339.274	 16040
 339.277	 16055
 339.279	 16040
 339.281	 16055
 339.284	 16030
 339.286	 16030
 339.289	 16030
 339.291	 16030
 339.293	 16030
 339.296	 16040
 339.298	 16055
 339.300	 16055
 339.303	 16055
 339.305	 16055
 339.307	 16055
 339.310	 16015
 339.312	 16015
 339.314	 16030
 339.317	 16030
 339.319	 16040
 339.321	 16040
 339.324	 16040
 339.326	 16040
 339.328	 16040
 339.331	 16040
 339.333	 16040
 339.335	 16055
 339.338	 16055
 339.340	 16055
 339.342	 16040
 339.345	 16030
 339.347	 16030
 339.349	 16030
 339.352	 16015
 339.354	 16030
 339.356	 16030
 339.359	 16015
 339.361	 16030
 339.364	 16040
 339.366	 16040
 339.368	 16030
 339.371	 16040
 339.373	 16040
 339.375	 16040
 339.378	 16040
 339.380	 16040
 339.382	 16040
 339.385	 16030
 339.387	 16030
 339.389	 16030
 339.392	 16040
 339.394	 16040
 339.396	 16040
 339.399	 16040
 339.401	 16015
 339.403	 16015
 339.406	 16030
 339.408	 16015
 339.410	 16030
 339.413	 16015
 339.415	 16015
 339.417	 16030
 339.420	 16030
 339.422	 16030
 339.424	 16030
 339.427	 16030
 339.429	 16030
 339.432	 16015
 339.434	 16015
 339.436	 16030
 339.439	 16055
 339.441	 16055
 339.443	 16055
 339.446	 16040
 339.448	 16055
 339.450	 16040
 339.453	 16040
 339.455	 16040
 339.457	 16040
 339.460	 16030
 339.462	 16030
 339.464	 16015
 339.467	 16030
 339.469	 16030
 339.471	 16030
 339.474	 16030
 339.476	 16040
 339.478	 16030
 339.481	 16030
 339.483	 16030
 339.485	 16030
 339.488	 16030
 339.490	 16030
 339.492	 16040
 339.495	 16040
 339.497	 16030
 339.499	 16040
 339.502	 16030
 339.504	 16040
 339.507	 16015
 339.509	 16015
 339.511	 16040
 339.514	 16040
 339.516	 16040
 339.518	 16040
 339.521	 16040
 339.523	 16040
 339.525	 16040
 339.528	 16055
 339.530	 16055
 339.532	 16055
 339.535	 16055
 339.537	 16055
 339.539	 16055
 339.542	 16055
 339.544	 16055
 339.546	 16055
 339.549	 16055
 339.551	 16070
 339.553	 16070
 339.556	 16070
 339.558	 16070
 339.560	 16070
 339.563	 16070
 339.565	 16055
 339.567	 16040
 339.570	 16040
 339.572	 16040
 339.575	 16040
 339.577	 16055
 339.579	 16055
 339.582	 16055
 339.584	 16055
 339.586	 16055
 339.589	 16055
 339.591	 16080
 339.593	 16080
 339.596	 16080
 339.598	 16080
 339.600	 16080
 339.603	 16070
 339.605	 16070
 339.607	 16080
 339.610	 16080
 339.612	 16080
 339.614	 16080
 339.617	 16080
 339.619	 16070
 339.621	 16070
 339.624	 16080
 339.626	 16080
 339.628	 16080
 339.631	 16080
 339.633	 16080
 339.635	 16080
 339.638	 16080
 339.640	 16070
 339.642	 16070
 339.645	 16070
 339.647	 16070
 339.650	 16070
 339.652	 16070
 339.654	 16070
 339.657	 16055
 339.659	 16070
 339.661	 16055
 339.664	 16070
 339.666	 16070
 339.668	 16080
 339.671	 16070
 339.673	 16070
 339.675	 16055
 339.678	 16055
 339.680	 16055
 339.682	 16070
 339.685	 16070
 339.687	 16070
 339.689	 16070
 339.692	 16055
 339.694	 16055
 339.696	 16055
 339.699	 16055
 339.701	 16055
 339.703	 16055
 339.706	 16055
 339.708	 16040
 339.710	 16040
 339.713	 16030
 339.715	 16040
 339.718	 16070
 339.720	 16070
 339.722	 16055
 339.725	 16055
 339.727	 16080
 339.729	 16080
 339.732	 16080
 339.734	 16080
 339.736	 16070
 339.739	 16070
 339.741	 16070
 339.743	 16055
 339.746	 16055
 339.748	 16055
 339.750	 16055
 339.753	 16055
 339.755	 16055
 339.757	 16055
 339.760	 16055
 339.762	 16055
 339.764	 16080
 339.767	 16070
 339.769	 16070
 339.771	 16070
 339.774	 16070
 339.776	 16070
 339.778	 16070
 339.781	 16070
 339.783	 16070
 339.785	 16080
 339.788	 16080
 339.790	 16080
 339.793	 16070
 339.795	 16080
 339.797	 16070
 339.800	 16080
 339.802	 16080
 339.804	 16080
 339.807	 16095
 339.809	 16095
 339.811	 16095
 339.814	 16095
 339.816	 16095
 339.818	 16095
 339.821	 16095
 339.823	 16095
 339.825	 16095
 339.828	 16095
 339.830	 16080
 339.832	 16080
 339.835	 16080
 339.837	 16095
 339.839	 16095
 339.842	 16095
 339.844	 16095
 339.846	 16095
 339.849	 16095
 339.851	 16110
 339.853	 16110
 339.856	 16110
 339.858	 16110
 339.861	 16110
 339.863	 16110
 339.865	 16110
 339.868	 16095
 339.870	 16095
 339.872	 16095
 339.875	 16095
 339.877	 16080
 339.879	 16095
 339.882	 16095
 339.884	 16095
 339.886	 16080
 339.889	 16080
 339.891	 16070
 339.893	 16070
 339.896	 16070
 339.898	 16080
 339.900	 16080
 339.903	 16070
 339.905	 16070
 339.907	 16070
 339.910	 16080
 339.912	 16080
 339.914	 16080
 339.917	 16080
 339.919	 16080
 339.921	 16080
 339.924	 16080
 339.926	 16080
 339.929	 16080
 339.931	 16095
 339.933	 16110
 339.936	 16110
 339.938	 16110
 339.940	 16110
 339.943	 16120
 339.945	 16110
 339.947	 16120
 339.950	 16120
 339.952	 16110
 339.954	 16110
 339.957	 16110
 339.959	 16120
 339.961	 16110
 339.964	 16110
 339.966	 16120
 339.968	 16120
 339.971	 16120
 339.973	 16110
 339.975	 16110
 339.978	 16110
 339.980	 16095
 339.982	 16095
 339.985	 16110
 339.987	 16080
 339.989	 16080
 339.992	 16095
 339.994	 16095
 339.996	 16080
 339.999	 16110
 340.001	 16095
 340.004	 16095
 340.006	 16095
 340.008	 16095
 340.011	 16110
 340.013	 16110
 340.015	 16110
 340.018	 16110
 340.020	 16110
 340.022	 16110
 340.025	 16110
 340.027	 16110
 340.029	 16110
 340.032	 16120
 340.034	 16110
 340.036	 16120
 340.039	 16120
 340.041	 16120
 340.043	 16120
 340.046	 16135
 340.048	 16135
 340.050	 16135
 340.053	 16135
 340.055	 16120
 340.057	 16120
 340.060	 16120
 340.062	 16110
 340.064	 16110
 340.067	 16120
 340.069	 16120
 340.072	 16135
 340.074	 16110
 340.076	 16135
 340.079	 16120
 340.081	 16135
 340.083	 16135
 340.086	 16120
 340.088	 16120
 340.090	 16110
 340.093	 16110
 340.095	 16110
 340.097	 16120
 340.100	 16110
 340.102	 16110
 340.104	 16110
 340.107	 16110
 340.109	 16110
 340.111	 16110
 340.114	 16110
 340.116	 16110
 340.118	 16135
 340.121	 16110
 340.123	 16095
 340.125	 16095
 340.128	 16095
 340.130	 16095
 340.132	 16120
 340.135	 16110
 340.137	 16120
 340.139	 16120
 340.142	 16135
 340.144	 16135
 340.147	 16135
 340.149	 16135
 340.151	 16150
 340.154	 16135
 340.156	 16135
 340.158	 16135
 340.161	 16150
 340.163	 16150
 340.165	 16150
 340.168	 16120
 340.170	 16135
 340.172	 16135
 340.175	 16135
 340.177	 16135
 340.179	 16135
 340.182	 16120
 340.184	 16120
 340.186	 16135
 340.189	 16120
 340.191	 16120
 340.193	 16120
 340.196	 16120
 340.198	 16135
 340.200	 16135
 340.203	 16135
 340.205	 16135
 340.207	 16120
 340.210	 16120
 340.212	 16135
 340.215	 16135
 340.217	 16120
 340.219	 16135
 340.222	 16120
 340.224	 16120
 340.226	 16120
 340.229	 16135
 340.231	 16135
 340.233	 16135
 340.236	 16150
 340.238	 16150
 340.240	 16150
 340.243	 16150
 340.245	 16135
 340.247	 16135
 340.250	 16135
 340.252	 16135
 340.254	 16135
 340.257	 16120
 340.259	 16150
 340.261	 16150
 340.264	 16150
 340.266	 16150
 340.268	 16150
 340.271	 16150
 340.273	 16150
 340.275	 16150
 340.278	 16150
 340.280	 16150
 340.282	 16160
 340.285	 16160
 340.287	 16150
 340.290	 16150
 340.292	 16150
 340.294	 16135
 340.297	 16135
 340.299	 16135
 340.301	 16135
 340.304	 16150
 340.306	 16150
 340.308	 16150
 340.311	 16160
 340.313	 16135
 340.315	 16135
 340.318	 16135
 340.320	 16150
 340.322	 16150
 340.325	 16150
 340.327	 16120
 340.329	 16150
 340.332	 16135
 340.334	 16135
 340.336	 16135
 340.339	 16120
 340.341	 16160
 340.343	 16150
 340.346	 16150
 340.348	 16150
 340.350	 16150
 340.353	 16150
 340.355	 16175
 340.358	 16160
 340.360	 16160
 340.362	 16150
 340.365	 16150
 340.367	 16135
 340.369	 16135
 340.372	 16135
 340.374	 16135
 340.376	 16135
 340.379	 16135
 340.381	 16150
 340.383	 16150
 340.386	 16150
 340.388	 16150
 340.390	 16150
 340.393	 16150
 340.395	 16150
 340.397	 16150
 340.400	 16160
 340.402	 16160
 340.404	 16160
 340.407	 16160
 340.409	 16150
 340.411	 16150
 340.414	 16150
 340.416	 16150
 340.418	 16150
 340.421	 16150
 340.423	 16150
 340.425	 16150
 340.428	 16150
 340.430	 16135
 340.433	 16150
 340.435	 16150
 340.437	 16135
 340.440	 16150
 340.442	 16135
 340.444	 16135
 340.447	 16135
 340.449	 16135
 340.451	 16135
 340.454	 16135
 340.456	 16135
 340.458	 16150
 340.461	 16150
 340.463	 16150
 340.465	 16150
 340.468	 16150
 340.470	 16150
 340.472	 16150
 340.475	 16160
 340.477	 16150
 340.479	 16150
 340.482	 16160
 340.484	 16150
 340.486	 16135
 340.489	 16160
 340.491	 16175
 340.493	 16175
 340.496	 16175
 340.498	 16175
 340.501	 16175
 340.503	 16190
 340.505	 16175
 340.508	 16175
 340.510	 16175
 340.512	 16200
 340.515	 16190
 340.517	 16175
 340.519	 16175
 340.522	 16160
 340.524	 16190
 340.526	 16175
 340.529	 16175
 340.531	 16175
 340.533	 16175
 340.536	 16190
 340.538	 16190
 340.540	 16175
 340.543	 16160
 340.545	 16175
 340.547	 16190
 340.550	 16175
 340.552	 16175
 340.554	 16175
 340.557	 16175
 340.559	 16175
 340.561	 16175
 340.564	 16160
 340.566	 16160
 340.569	 16160
 340.571	 16150
 340.573	 16150
 340.576	 16150
 340.578	 16150
 340.580	 16150
 340.583	 16150
 340.585	 16150
 340.587	 16135
 340.590	 16135
 340.592	 16135
 340.594	 16135
 340.597	 16135
 340.599	 16150
 340.601	 16135
 340.604	 16135
 340.606	 16150
 340.608	 16120
 340.611	 16135
 340.613	 16135
 340.615	 16135
 340.618	 16120
 340.620	 16120
 340.622	 16120
 340.625	 16120
 340.627	 16120
 340.629	 16120
 340.632	 16120
 340.634	 16120
 340.636	 16135
 340.639	 16135
 340.641	 16150
 340.644	 16150
 340.646	 16150
 340.648	 16150
 340.651	 16150
 340.653	 16135
 340.655	 16135
 340.658	 16120
 340.660	 16120
 340.662	 16120
 340.665	 16120
 340.667	 16120
 340.669	 16120
 340.672	 16120
 340.674	 16120
 340.676	 16120
 340.679	 16135
 340.681	 16120
 340.683	 16135
 340.686	 16135
 340.688	 16135
 340.690	 16135
 340.693	 16135
 340.695	 16120
 340.697	 16120
 340.700	 16120
 340.702	 16135
 340.704	 16135
 340.707	 16120
 340.709	 16110
 340.712	 16095
 340.714	 16110
 340.716	 16110
 340.719	 16110
 340.721	 16095
 340.723	 16110
 340.726	 16120
 340.728	 16110
 340.730	 16110
 340.733	 16095
 340.735	 16095
 340.737	 16110
 340.740	 16110
 340.742	 16110
 340.744	 16110
 340.747	 16120
 340.749	 16120
 340.751	 16120
 340.754	 16120
 340.756	 16135
 340.758	 16135
 340.761	 16135
 340.763	 16120
 340.765	 16120
 340.768	 16120
 340.770	 16110
 340.772	 16095
 340.775	 16095
 340.777	 16095
 340.779	 16080
 340.782	 16110
 340.784	 16095
 340.787	 16080
 340.789	 16095
 340.791	 16095
 340.794	 16080
 340.796	 16080
 340.798	 16080
 340.801	 16080
 340.803	 16080
 340.805	 16070
 340.808	 16080
 340.810	 16080
 340.812	 16080
 340.815	 16070
 340.817	 16080
 340.819	 16095
 340.822	 16110
 340.824	 16110
 340.826	 16110
 340.829	 16095
 340.831	 16095
 340.833	 16110
 340.836	 16110
 340.838	 16110
 340.840	 16095
 340.843	 16095
 340.845	 16095
 340.847	 16095
 340.850	 16095
 340.852	 16110
 340.855	 16110
 340.857	 16095
 340.859	 16110
 340.862	 16110
 340.864	 16110
 340.866	 16110
 340.869	 16120
 340.871	 16120
 340.873	 16110
 340.876	 16110
 340.878	 16110
 340.880	 16110
 340.883	 16110
 340.885	 16110
 340.887	 16110
 340.890	 16110
 340.892	 16110
 340.894	 16110
 340.897	 16110
 340.899	 16110
 340.901	 16080
 340.904	 16080
 340.906	 16095
 340.908	 16080
 340.911	 16080
 340.913	 16070
 340.915	 16080
 340.918	 16095
 340.920	 16110
 340.922	 16080
 340.925	 16095
 340.927	 16080
 340.930	 16095
 340.932	 16080
 340.934	 16080
 340.937	 16080
 340.939	 16080
 340.941	 16095
 340.944	 16095
 340.946	 16095
 340.948	 16095
 340.951	 16095
 340.953	 16095
 340.955	 16095
 340.958	 16095
 340.960	 16095
 340.962	 16080
 340.965	 16095
 340.967	 16080
 340.969	 16080
 340.972	 16095
 340.974	 16095
 340.976	 16110
 340.979	 16095
 340.981	 16095
 340.983	 16095
 340.986	 16095
 340.988	 16095
 340.990	 16095
 340.993	 16095
 340.995	 16095
 340.998	 16095
 341.000	 16095
 341.002	 16070
 341.005	 16070
 341.007	 16070
 341.009	 16055
 341.012	 16070
 341.014	 16070
 341.016	 16070
 341.019	 16070
 341.021	 16080
 341.023	 16080
 341.026	 16080
 341.028	 16095
 341.030	 16080
 341.033	 16080
 341.035	 16080
 341.037	 16080
 341.040	 16080
 341.042	 16080
 341.044	 16080
 341.047	 16095
 341.049	 16095
 341.051	 16095
 341.054	 16095
 341.056	 16095
 341.058	 16095
 341.061	 16095
 341.063	 16095
 341.065	 16070
 341.068	 16095
 341.070	 16095
 341.073	 16095
 341.075	 16095
 341.077	 16095
 341.080	 16095
 341.082	 16095
 341.084	 16095
 341.087	 16080
 341.089	 16080
 341.091	 16070
 341.094	 16070
 341.096	 16070
 341.098	 16080
 341.101	 16080
 341.103	 16080
 341.105	 16070
 341.108	 16080
 341.110	 16080
 341.112	 16080
 341.115	 16080
 341.117	 16080
 341.119	 16095
 341.122	 16095
 341.124	 16095
 341.126	 16095
 341.129	 16095
 341.131	 16095
 341.133	 16080
 341.136	 16080
 341.138	 16095
 341.141	 16080
 341.143	 16095
 341.145	 16095
 341.148	 16095
 341.150	 16080
 341.152	 16095
 341.155	 16080
 341.157	 16080
 341.159	 16080
 341.162	 16070
 341.164	 16080
 341.166	 16080
 341.169	 16080
 341.171	 16080
 341.173	 16080
 341.176	 16080
 341.178	 16080
 341.180	 16080
 341.183	 16095
 341.185	 16095
 341.187	 16095
 341.190	 16095
 341.192	 16095
 341.194	 16080
 341.197	 16080
 341.199	 16080
 341.201	 16070
 341.204	 16080
 341.206	 16080
 341.209	 16080
 341.211	 16080
 341.213	 16095
 341.216	 16095
 341.218	 16080
 341.220	 16095
 341.223	 16095
 341.225	 16095
 341.227	 16095
 341.230	 16095
 341.232	 16095
 341.234	 16095
 341.237	 16095
 341.239	 16095
 341.241	 16095
 341.244	 16095
 341.246	 16095
 341.248	 16095
 341.251	 16095
 341.253	 16095
 341.255	 16095
 341.258	 16095
 341.260	 16080
 341.262	 16070
 341.265	 16095
 341.267	 16095
 341.269	 16095
 341.272	 16095
 341.274	 16095
 341.276	 16095
 341.279	 16080
 341.281	 16080
 341.284	 16070
 341.286	 16070
 341.288	 16070
 341.291	 16080
 341.293	 16080
 341.295	 16080
 341.298	 16080
 341.300	 16080
 341.302	 16080
 341.305	 16080
 341.307	 16070
 341.309	 16070
 341.312	 16070
 341.314	 16070
 341.316	 16070
 341.319	 16070
 341.321	 16070
 341.323	 16070
 341.326	 16070
 341.328	 16070
 341.330	 16080
 341.333	 16095
 341.335	 16095
 341.337	 16095
 341.340	 16095
 341.342	 16110
 341.344	 16095
 341.347	 16080
 341.349	 16095
 341.352	 16110
 341.354	 16110
 341.356	 16110
 341.359	 16095
 341.361	 16110
 341.363	 16095
 341.366	 16095
 341.368	 16095
 341.370	 16095
 341.373	 16095
 341.375	 16095
 341.377	 16095
 341.380	 16095
 341.382	 16095
 341.384	 16095
 341.387	 16095
 341.389	 16095
 341.391	 16095
 341.394	 16095
 341.396	 16080
 341.398	 16080
 341.401	 16080
 341.403	 16080
 341.405	 16080
 341.408	 16080
 341.410	 16080
 341.412	 16080
 341.415	 16080
 341.417	 16080
 341.419	 16070
 341.422	 16095
 341.424	 16080
 341.427	 16080
 341.429	 16080
 341.431	 16070
 341.434	 16080
 341.436	 16080
 341.438	 16080
 341.441	 16080
 341.443	 16080
 341.445	 16080
 341.448	 16095
 341.450	 16095
 341.452	 16080
 341.455	 16080
 341.457	 16070
 341.459	 16070
 341.462	 16095
 341.464	 16070
 341.466	 16095
 341.469	 16080
 341.471	 16080
 341.473	 16070
 341.476	 16080
 341.478	 16080
 341.480	 16080
 341.483	 16080
 341.485	 16080
 341.487	 16080
 341.490	 16080
 341.492	 16080
 341.495	 16080
 341.497	 16095
 341.499	 16095
 341.502	 16070
 341.504	 16080
 341.506	 16070
 341.509	 16070
 341.511	 16070
 341.513	 16080
 341.516	 16080
 341.518	 16095
 341.520	 16080
 341.523	 16070
 341.525	 16070
 341.527	 16070
 341.530	 16070
 341.532	 16070
 341.534	 16070
 341.537	 16080
 341.539	 16110
 341.541	 16070
 341.544	 16070
 341.546	 16070
 341.548	 16080
 341.551	 16080
 341.553	 16080
 341.555	 16080
 341.558	 16080
 341.560	 16080
 341.562	 16080
 341.565	 16080
 341.567	 16080
 341.570	 16070
 341.572	 16070
 341.574	 16070
 341.577	 16070
 341.579	 16070
 341.581	 16070
 341.584	 16080
 341.586	 16080
 341.588	 16080
 341.591	 16080
 341.593	 16080
 341.595	 16080
 341.598	 16080
 341.600	 16080
